23
25
30
32
46
53
78
81
95
106
112
143
155
159
167
167
172
177
182
184
208
216
221
228
229
230
233
254
258
282
283
289
331
347
367
372
376
384
400
406
439
445
466
467
475
489
497
497
505
509
512
554
569
575
593
598
598
599
643
647
653
674
675
686
697
705
713
729
729
737
743
771
776
792
798
813
814
832
846
871
877
888
901
902
907
922
929
952
953
955
957
966
981
996
1015
1017
1025
1038
1048
1058
1069
1088
1107
1111
1121
1144
1174
1184
1185
1192
1197
1201
1250
1254
1259
1269
1280
1285
1306
1315
1325
1328
1347
1364
1365
1370
1370
1374
1395
1400
1409
1420
1421
1428
1430
1430
1445
1449
1454
1454
1459
1487
1498
1499
1500
1502
1510
1511
1525
1537
1581
1592
1593
1607
1611
1663
1667
1685
1692
1694
1701
1722
1723
1764
1777
1802
1804
1833
1869
1870
1897
1933
1937
1953
1956
1965
1994
2002
2006
2024
2040
2062
2083
2088
2093
2122
2126
2133
2142
2147
2156
2183
2191
2191
2199
2199
2208
2212
2215
2225
2228
2234
2244
2251
2261
2264
2295
2304
2304
2315
2320
2344
2352
2361
2364
2368
2384
2386
2387
2397
2412
2414
2414
2442
2446
2450
2452
2457
2458
2474
2489
2501
2510
2520
2523
2538
2540
2584
2587
2588
2594
2601
2605
2607
2614
2624
2625
2626
2633
2642
2654
2657
2682
2699
2711
2711
2722
2743
2752
2762
2770
2796
2800
2801
2815
2853
2872
2881
2889
2903
2907
2911
2922
2937
2944
2950
2956
2961
2971
2991
3008
3010
3028
3033
3061
3071
3079
3083
3098
3105
3120
3122
3128
3141
3158
3160
3161
3167
3178
3179
3183
3211
3216
3217
3246
3247
3262
3262
3265
3271
3274
3277
3296
3300
3312
3316
3322
3340
3344
3370
3382
3387
3396
3404
3407
3409
3415
3433
3442
3470
3488
3499
3507
3509
3513
3535
3569
3578
3581
3595
3614
3617
3619
3619
3620
3640
3660
3660
3680
3687
3699
3724
3736
3740
3752
3760
3771
3775
3776
3795
3815
3818
3820
3827
3831
3836
3863
3875
3876
3883
3886
3899
3915
3917
3956
3962
3981
3992
4003
4007
4024
4092
4101
4102
4109
4119
4122
4143
4155
4164
4167
4168
4175
4189
4202
4215
4230
4231
4232
4233
4237
4249
4270
4276
4291
4315
4319
4320
4322
4331
4344
4345
4350
4351
4365
4378
4382
4382
4396
4403
4403
4428
4434
4464
4477
4488
4501
4519
4532
4551
4551
4570
4571
4583
4584
4642
4679
4687
4690
4706
4716
4716
4723
4727
4749
4759
4767
4772
4782
4783
4799
4804
4806
4828
4833
4857
4900
4922
4948
4956
4962
4985
4994
4999
5009
5029
5065
5067
5069
5081
5093
5097
5101
5117
5124
5132
5134
5136
5146
5157
5157
5157
5195
5201
5208
5213
5221
5226
5235
5242
5273
5276
5294
5296
5315
5323
5351
5353
5355
5355
5369
5376
5389
5393
5410
5411
5416
5418
5419
5428
5476
5481
5482
5482
5505
5533
5534
5536
5539
5545
5555
5571
5572
5585
5595
5604
5612
5623
5629
5630
5639
5645
5653
5663
5678
5679
5692
5704
5706
5709
5712
5749
5766
5783
5801
5806
5813
5843
5852
5860
5868
5888
5890
5892
5899
5909
5916
5920
5927
5939
5942
5955
5966
5972
5989
5997
5998
6023
6027
6030
6039
6040
6053
6059
6074
6075
6083
6087
6100
6100
6101
6102
6143
6150
6153
6157
6208
6219
6242
6249
6261
6261
6266
6266
6278
6289
6294
6301
6302
6303
6304
6322
6326
6346
6352
6352
6371
6374
6420
6420
6457
6460
6478
6480
6483
6483
6490
6500
6502
6513
6519
6526
6537
6546
6594
6601
6620
6620
6637
6656
6658
6661
6687
6693
6694
6709
6717
6729
6737
6744
6748
6751
6757
6784
6794
6799
6814
6839
6849
6866
6888
6889
6890
6903
6906
6909
6929
6947
6963
6968
6972
6976
7007
7013
7042
7077
7083
7098
7098
7099
7103
7126
7128
7136
7136
7144
7153
7154
7165
7178
7201
7203
7203
7222
7224
7231
7232
7243
7252
7253
7255
7260
7260
7260
7274
7325
7331
7334
7356
7360
7383
7385
7391
7391
7404
7415
7421
7451
7461
7468
7471
7471
7484
7502
7520
7535
7549
7549
7561
7568
7616
7631
7650
7669
7711
7735
7745
7747
7754
7755
7761
7782
7788
7843
7846
7851
7862
7871
7875
7891
7904
7905
7924
7929
7949
7958
7969
7971
7976
7994
7995
7997
8000
8022
8032
8039
8041
8066
8068
8073
8074
8085
8098
8100
8130
8161
8162
8168
8177
8183
8203
8212
8215
8227
8250
8255
8280
8285
8309
8321
8321
8330
8334
8343
8348
8348
8373
8375
8375
8387
8395
8402
8409
8418
8449
8450
8452
8463
8468
8479
8505
8505
8508
8513
8515
8527
8531
8547
8562
8568
8574
8576
8587
8600
8609
8610
8614
8626
8629
8650
8664
8666
8671
8682
8702
8702
8706
8729
8730
8748
8757
8767
8774
8777
8795
8799
8817
8817
8822
8824
8828
8830
8832
8843
8851
8856
8857
8873
8873
8874
8880
8894
8902
8904
8906
8926
8932
8943
8944
8945
8947
8962
8970
8972
8998
9002
9012
9031
9039
9051
9063
9064
9074
9076
9076
9103
9125
9125
9144
9175
9181
9183
9184
9200
9204
9211
9212
9213
9225
9239
9241
9250
9255
9263
9264
9269
9282
9316
9336
9346
9391
9394
9399
9400
9412
9414
9425
9427
9427
9433
9439
9457
9460
9466
9474
9475
9498
9504
9522
9528
9528
9530
9535
9552
9580
9581
9600
9603
9609
9622
9631
9631
9638
9640
9643
9648
9654
9678
9682
9697
9719
9720
9749
9749
9761
9768
9769
9770
9776
9805
9810
9840
9849
9858
9869
9916
9916
9916
9918
9923
9928
9936
9941
9948
9957
9969
9971
9971
9976
9979
9981
9983
9987
9988
9990
9993
10001
10010
10011
10011
10013
10020
10024
10031
10037
10040
10041
10047
10070
10084
10089
10095
10101
10108
10118
10129
10130
10134
10160
10161
10172
10174
10182
10196
10201
10223
10226
10237
10239
10248
10248
10262
10269
10270
10286
10291
10291
10295
10307
10311
10325
10336
10342
10344
10358
10373
10386
10393
10395
10411
10413
10428
10428
10443
10450
10452
10470
10474
10477
10489
10496
10502
10532
10546
10553
10553
10564
10571
10571
10574
10580
10581
10589
10597
10607
10625
10633
10643
10656
10678
10683
10690
10729
10754
10764
10770
10775
10777
10788
10789
10792
10792
10808
10831
10834
10835
10844
10847
10866
10877
10888
10927
10943
10961
10965
10974
10983
10994
11007
11008
11026
11030
11036
11039
11046
11055
11067
11082
11101
11114
11140
11143
11150
11151
11181
11200
11223
11226
11231
11237
11238
11238
11239
11250
11252
11275
11285
11296
11304
11339
11341
11350
11354
11357
11378
11392
11402
11420
11425
11434
11435
11447
11450
11452
11471
11503
11522
11533
11554
11565
11574
11577
11596
11600
11607
11622
11629
11636
11641
11652
11691
11702
11707
11724
11732
11741
11761
11774
11802
11808
11809
11828
11833
11837
11840
11842
11844
11861
11862
11867
11869
11874
11891
11910
11912
11918
11927
11934
11942
11952
11954
11970
11978
11981
11981
11988
11993
11998
12001
12004
12027
12032
12033
12035
12053
12076
12099
12105
12108
12118
12126
12139
12154
12171
12179
12190
12196
12204
12212
12214
12221
12231
12232
12243
12253
12256
12281
12316
12320
12328
12328
12342
12361
12366
12390
12423
12431
12442
12450
12467
12472
12491
12491
12498
12519
12540
12566
12592
12600
12600
12614
12634
12635
12652
12658
12664
12666
12677
12682
12701
12704
12723
12727
12731
12742
12766
12769
12798
12799
12809
12812
12814
12820
12844
12850
12858
12863
12865
12883
12884
12906
12914
12922
12925
12944
12945
12945
12947
12961
12967
12970
12994
13003
13040
13055
13064
13071
13073
13073
13083
13097
13101
13115
13117
13118
13134
13135
13136
13136
13138
13140
13162
13165
13201
13203
13207
13210
13215
13215
13218
13223
13236
13236
13239
13255
13260
13270
13277
13278
13306
13313
13315
13319
13332
13342
13343
13363
13399
13403
13406
13413
13413
13439
13444
13453
13456
13465
13485
13501
13502
13503
13562
13594
13596
13596
13598
13600
13601
13601
13613
13623
13649
13651
13664
13666
13667
13669
13692
13709
13713
13718
13728
13746
13747
13749
13764
13765
13770
13779
13795
13817
13819
13824
13832
13836
13838
13838
13844
13850
13858
13869
13877
13882
13882
13897
13928
13933
13947
13950
13955
13962
14009
14029
14032
14037
14041
14047
14049
14070
14072
14087
14087
14100
14100
14105
14115
14124
14127
14128
14133
14133
14159
14161
14161
14186
14190
14191
14200
14207
14289
14299
14306
14325
14343
14348
14376
14381
14402
14418
14423
14425
14437
14455
14487
14488
14495
14500
14503
14506
14514
14518
14523
14535
14557
14560
14584
14590
14600
14646
14652
14663
14667
14674
14683
14686
14696
14703
14711
14739
14747
14759
14763
14778
14780
14796
14809
14815
14819
14825
14829
14832
14835
14837
14841
14842
14848
14861
14864
14869
14895
14926
14930
14961
14965
14968
14971
14981
14986
14995
15010
15026
15028
15051
15054
15055
15055
15062
15067
15084
15086
15092
15112
15113
15118
15130
15133
15149
15165
15215
15228
15233
15235
15247
15252
15281
15282
15287
15288
15288
15298
15306
15308
15313
15316
15320
15322
15335
15338
15338
15345
15354
15382
15399
15401
15424
15429
15434
15457
15461
15469
15496
15506
15513
15528
15532
15547
15550
15565
15575
15594
15606
15618
15623
15626
15644
15646
15661
15662
15715
15726
15734
15742
15743
15749
15754
15759
15770
15775
15780
15787
15809
15811
15812
15818
15824
15835
15835
15841
15844
15856
15859
15862
15879
15884
15888
15894
15894
15899
15903
15904
15913
15916
15921
15926
15927
15935
15979
15990
15999
16020
16030
16034
16037
16044
16049
16064
16070
16096
16145
16153
16161
16163
16166
16174
16181
16192
16201
16215
16218
16223
16224
16244
16280
16280
16282
16315
16333
16349
16353
16418
16419
16419
16421
16424
16426
16441
16458
16461
16464
16469
16476
16484
16485
16492
16499
16503
16514
16519
16527
16532
16545
16551
16562
16579
16580
16606
16609
16626
16627
16648
16680
16683
16695
16701
16708
16714
16723
16725
16752
16756
16764
16764
16780
16797
16806
16807
16830
16839
16839
16839
16848
16850
16855
16859
16862
16870
16872
16894
16900
16901
16908
16919
16920
16923
16951
16965
16977
16995
17015
17016
17032
17038
17071
17073
17080
17098
17100
17107
17110
17114
17132
17137
17151
17166
17180
17188
17207
17208
17219
17221
17226
17232
17234
17236
17243
17246
17250
17262
17295
17296
17300
17325
17333
17338
17339
17364
17368
17371
17392
17394
17408
17410
17420
17423
17433
17466
17474
17478
17490
17496
17499
17527
17531
17533
17537
17540
17562
17564
17564
17585
17593
17595
17601
17617
17628
17635
17637
17647
17668
17689
17690
17693
17696
17706
17720
17728
17735
17745
17746
17758
17771
17777
17785
17787
17787
17793
17800
17801
17810
17812
17836
17889
17889
17895
17913
17933
17946
17972
17984
17988
17993
18016
18024
18049
18083
18106
18107
18113
18137
18143
18161
18171
18179
18180
18196
18238
18247
18248
18262
18274
18282
18297
18336
18347
18363
18372
18395
18407
18418
18423
18440
18444
18447
18460
18465
18471
18484
18494
18495
18498
18517
18528
18535
18538
18570
18600
18605
18606
18607
18610
18618
18618
18638
18639
18644
18657
18659
18662
18678
18681
18704
18711
18713
18726
18730
18739
18749
18753
18772
18775
18785
18798
18808
18809
18810
18817
18821
18847
18858
18860
18862
18868
18906
18925
18937
18998
19021
19022
19027
19028
19030
19032
19036
19068
19076
19094
19098
19108
19140
19143
19146
19150
19150
19153
19155
19163
19178
19221
19222
19230
19266
19274
19275
19292
19299
19315
19343
19353
19365
19372
19395
19397
19412
19419
19426
19437
19444
19452
19469
19471
19492
19506
19548
19553
19567
19609
19611
19613
19615
19636
19639
19646
19653
19663
19670
19690
19692
19698
19702
19707
19710
19712
19754
19769
19778
19794
19799
19803
19812
19819
19826
19828
19844
19847
19852
19856
19883
19887
19900
19901
19902
19905
19908
19914
19916
19919
19919
19922
19927
19927
19933
19941
19947
19947
19950
19962
19966
19974
19974
19984
20004
20007
20010
20017
20045
20056
20065
20069
20071
20074
20080
20082
20086
20089
20118
20137
20145
20146
20147
20158
20164
20165
20182
20200
20214
20217
20236
20244
20250
20282
20282
20291
20292
20294
20300
20304
20306
20322
20324
20328
20340
20344
20371
20390
20396
20418
20420
20426
20435
20442
20448
20457
20462
20469
20476
20479
20501
20508
20511
20516
20517
20539
20540
20541
20551
20554
20588
20590
20619
20628
20633
20651
20655
20655
20661
20697
20698
20700
20712
20721
20722
20731
20740
20740
20744
20753
20774
20776
20786
20787
20823
20845
20847
20855
20857
20859
20879
20890
20893
20895
20902
20927
20950
20957
20966
20968
20974
20988
21013
21015
21020
21024
21031
21036
21047
21056
21066
21069
21079
21109
21115
21128
21130
21144
21146
21157
21160
21160
21164
21170
21178
21180
21199
21220
21224
21263
21265
21270
21277
21283
21294
21300
21348
21350
21362
21375
21375
21406
21442
21450
21468
21479
21505
21517
21531
21557
21559
21559
21560
21569
21571
21596
21597
21613
21619
21654
21690
21696
21701
21706
21746
21762
21784
21789
21792
21794
21810
21822
21840
21840
21845
21848
21851
21852
21862
21881
21881
21897
21902
21914
21938
21938
21950
21971
21972
21974
21984
21987
21990
21998
22037
22052
22057
22079
22084
22085
22099
22122
22124
22124
22127
22138
22164
22165
22174
22175
22177
22190
22192
22194
22198
22230
22233
22235
22255
22285
22296
22297
22299
22301
22329
22334
22339
22339
22383
22392
22393
22400
22410
22422
22425
22432
22453
22458
22478
22480
22482
22485
22487
22494
22519
22522
22528
22530
22531
22532
22535
22545
22549
22558
22563
22563
22575
22576
22598
22599
22605
22609
22615
22616
22616
22618
22630
22635
22639
22650
22665
22670
22674
22675
22685
22715
22716
22750
22766
22787
22800
22832
22852
22859
22883
22894
22898
22906
22949
22968
22974
22976
22983
23014
23041
23045
23063
23069
23071
23076
23084
23094
23100
23103
23110
23123
23125
23175
23183
23188
23195
23216
23231
23236
23254
23256
23261
23296
23309
23313
23319
23333
23340
23347
23357
23363
23371
23384
23389
23395
23406
23406
23424
23433
23437
23458
23479
23505
23505
23525
23531
23547
23549
23549
23558
23575
23594
23597
23609
23633
23653
23660
23681
23683
23699
23706
23708
23709
23713
23714
23723
23732
23749
23765
23766
23767
23767
23768
23776
23783
23794
23801
23804
23815
23819
23828
23831
23837
23846
23846
23848
23860
23860
23864
23886
23892
23895
23924
23931
23953
23972
23981
24001
24001
24009
24036
24071
24075
24076
24080
24086
24088
24103
24107
24126
24144
24157
24189
24189
24198
24200
24224
24224
24232
24233
24242
24267
24270
24286
24299
24308
24310
24327
24328
24367
24372
24374
24396
24423
24438
24440
24446
24461
24466
24477
24484
24496
24507
24526
24547
24556
24569
24579
24582
24593
24613
24617
24634
24658
24688
24690
24691
24695
24705
24751
24755
24758
24763
24791
24803
24815
24831
24833
24839
24841
24849
24856
24867
24887
24903
24906
24912
24925
24926
24970
24971
24973
24978
25011
25029
25035
25045
25058
25064
25067
25069
25075
25080
25109
25110
25115
25117
25117
25126
25141
25143
25146
25165
25166
25169
25176
25179
25183
25214
25229
25229
25231
25234
25243
25266
25270
25273
25279
25292
25300
25324
25328
25330
25350
25352
25394
25399
25404
25407
25409
25483
25485
25522
25539
25549
25561
25566
25574
25579
25583
25613
25615
25627
25628
25653
25663
25665
25666
25668
25681
25695
25701
25719
25728
25730
25742
25766
25782
25784
25804
25817
25828
25855
25866
25875
25883
25886
25887
25889
25889
25896
25902
25912
25912
25917
25918
25924
25930
25934
25948
25949
25962
25968
25988
25990
25997
26008
26025
26037
26049
26052
26058
26059
26066
26082
26083
26094
26099
26104
26114
26138
26139
26145
26154
26155
26171
26174
26176
26178
26187
26205
26215
26231
26246
26255
26275
26277
26288
26298
26301
26308
26355
26365
26365
26366
26369
26369
26396
26401
26405
26417
26429
26458
26461
26471
26490
26494
26530
26548
26550
26551
26558
26565
26595
26596
26614
26661
26663
26666
26668
26686
26687
26688
26699
26714
26727
26733
26738
26740
26763
26769
26770
26774
26776
26779
26787
26797
26799
26799
26808
26808
26809
26812
26813
26824
26824
26834
26837
26860
26873
26873
26906
26922
26926
26949
26955
26970
26975
26988
27003
27006
27008
27013
27017
27020
27020
27024
27029
27034
27034
27042
27044
27064
27066
27079
27090
27110
27118
27122
27135
27141
27156
27170
27175
27184
27186
27195
27204
27239
27247
27249
27262
27263
27265
27270
27285
27294
27299
27302
27337
27348
27362
27362
27370
27380
27381
27384
27391
27421
27435
27468
27469
27482
27483
27487
27524
27524
27534
27545
27549
27551
27580
27581
27591
27600
27607
27608
27612
27624
27637
27646
27676
27691
27693
27704
27717
27720
27723
27733
27738
27767
27770
27792
27815
27822
27824
27845
27856
27886
27888
27894
27896
27901
27903
27912
27923
27949
27950
27956
27962
27978
27995
27995
28018
28021
28023
28034
28037
28042
28042
28043
28061
28072
28075
28084
28099
28110
28114
28118
28140
28140
28140
28152
28153
28159
28174
28184
28192
28196
28226
28234
28243
28261
28264
28279
28284
28284
28290
28291
28297
28306
28308
28323
28332
28333
28359
28361
28382
28387
28392
28393
28408
28409
28422
28422
28450
28458
28493
28518
28522
28528
28531
28531
28545
28548
28557
28576
28584
28596
28604
28613
28628
28632
28638
28641
28642
28651
28660
28664
28674
28678
28685
28693
28697
28702
28710
28710
28715
28718
28719
28724
28742
28748
28751
28757
28762
28770
28772
28779
28807
28810
28826
28827
28831
28835
28842
28864
28877
28877
28883
28886
28910
28913
28913
28922
28940
28940
28948
28952
28967
28978
28979
28984
29014
29020
29035
29040
29049
29057
29062
29064
29064
29093
29112
29138
29158
29165
29187
29199
29203
29203
29215
29218
29235
29236
29273
29278
29297
29315
29323
29326
29333
29340
29342
29343
29357
29367
29371
29400
29402
29417
29431
29448
29468
29495
29511
29518
29525
29527
29551
29551
29555
29557
29564
29566
29588
29624
29624
29636
29651
29677
29696
29696
29713
29724
29730
29732
29737
29739
29740
29741
29767
29776
29787
29787
29796
29799
29818
29828
29829
29841
29844
29868
29868
29873
29879
29881
29881
29897
29912
29919
29948
29950
29951
29955
29961
29985
29997
30009
30010
30026
30036
30041
30053
30085
30085
30103
30116
30134
30140
30153
30156
30172
30197
30202
30246
30248
30249
30287
30296
30304
30308
30315
30321
30321
30322
30323
30324
30337
30338
30348
30350
30350
30352
30361
30367
30372
30374
30405
30414
30416
30417
30421
30424
30453
30458
30480
30488
30498
30499
30502
30504
30505
30509
30513
30530
30539
30553
30564
30573
30585
30596
30598
30601
30602
30614
30622
30623
30647
30653
30669
30680
30684
30685
30694
30701
30706
30711
30726
30739
30755
30762
30763
30777
30791
30792
30795
30801
30810
30815
30824
30826
30849
30851
30891
30909
30928
30932
30934
30943
30947
30953
30978
30979
30980
30986
30987
30988
30988
30990
30990
30994
30997
30997
31009
31012
31022
31035
31051
31059
31061
31077
31078
31084
31093
31105
31121
31126
31155
31161
31164
31198
31208
31213
31221
31222
31225
31241
31245
31245
31269
31271
31282
31284
31285
31303
31309
31345
31351
31356
31363
31363
31386
31401
31408
31422
31445
31460
31480
31493
31497
31515
31523
31526
31536
31567
31571
31576
31583
31594
31600
31619
31645
31650
31651
31670
31691
31698
31711
31718
31725
31740
31742
31752
31770
31788
31790
31790
31807
31811
31813
31815
31821
31821
31829
31835
31844
31845
31852
31853
31854
31856
31863
31865
31867
31875
31889
31897
31912
31930
31931
31936
31937
31941
31952
31953
31974
31981
31987
32007
32023
32034
32039
32049
32053
32061
32065
32067
32080
32081
32096
32106
32110
32113
32117
32140
32141
32145
32165
32168
32172
32173
32182
32190
32213
32214
32223
32258
32279
32282
32285
32286
32289
32298
32301
32318
32321
32351
32353
32366
32389
32395
32404
32422
32436
32439
32441
32456
32479
32481
32504
32509
32532
32553
32553
32555
32556
32561
32570
32595
32603
32608
32609
32618
32633
32638
32639
32645
32677
32693
32697
32710
32719
32740
32766
32769
32794
32801
32802
32827
32841
32846
32856
32875
32888
32892
32900
32922
32930
32938
32939
32956
32972
32987
32998
33010
33013
33022
33033
33044
33063
33068
33083
33085
33086
33098
33104
33106
33106
33111
33114
33123
33142
33151
33158
33183
33197
33215
33215
33218
33220
33223
33246
33261
33270
33282
33298
33317
33326
33336
33340
33341
33346
33348
33367
33396
33398
33401
33409
33415
33421
33422
33438
33454
33458
33459
33489
33505
33506
33548
33553
33577
33583
33619
33646
33650
33652
33655
33663
33664
33697
33699
33712
33712
33734
33745
33750
33755
33756
33757
33763
33767
33798
33799
33815
33826
33838
33844
33859
33890
33890
33895
33897
33904
33905
33906
33916
33921
33923
33925
33933
33942
33947
33950
33958
33970
33987
33997
34004
34006
34008
34016
34020
34032
34034
34045
34063
34066
34094
34103
34111
34116
34161
34188
34192
34193
34195
34195
34202
34203
34217
34222
34223
34223
34234
34250
34269
34274
34285
34308
34328
34374
34381
34389
34395
34399
34400
34401
34408
34422
34429
34434
34441
34454
34455
34458
34462
34476
34479
34479
34482
34483
34490
34505
34515
34531
34537
34538
34550
34567
34583
34591
34593
34596
34597
34611
34611
34623
34652
34652
34669
34681
34689
34689
34694
34741
34750
34768
34770
34772
34810
34815
34817
34817
34823
34825
34852
34871
34889
34897
34915
34917
34923
34935
34943
34945
34952
34961
34973
34978
34985
34993
35025
35046
35047
35080
35084
35087
35113
35124
35134
35176
35176
35176
35202
35222
35263
35298
35315
35327
35333
35350
35358
35359
35375
35382
35396
35402
35420
35449
35454
35455
35457
35462
35464
35469
35491
35503
35508
35513
35522
35542
35556
35559
35569
35628
35643
35660
35666
35668
35682
35691
35699
35702
35710
35713
35729
35750
35753
35780
35797
35798
35804
35809
35813
35817
35823
35826
35828
35852
35867
35873
35902
35905
35918
35927
35943
35948
35950
35950
35956
35979
35984
35989
35997
36008
36037
36044
36048
36055
36080
36101
36108
36118
36123
36132
36144
36200
36209
36219
36233
36249
36256
36275
36278
36282
36282
36290
36292
36296
36304
36315
36319
36325
36351
36379
36385
36391
36394
36395
36398
36401
36430
36440
36474
36491
36492
36496
36500
36507
36515
36518
36542
36561
36562
36585
36596
36603
36619
36621
36622
36624
36633
36660
36693
36712
36718
36722
36725
36726
36745
36745
36763
36769
36785
36786
36832
36848
36851
36851
36858
36861
36864
36883
36889
36890
36906
36912
36919
36931
36937
36951
36953
36965
36970
36976
36984
37011
37014
37027
37056
37067
37074
37086
37096
37101
37169
37181
37196
37197
37238
37242
37264
37265
37268
37279
37292
37301
37305
37312
37317
37317
37319
37327
37336
37375
37408
37421
37422
37423
37450
37456
37462
37485
37500
37516
37542
37544
37546
37559
37562
37572
37592
37593
37598
37605
37610
37614
37634
37645
37647
37651
37664
37671
37692
37695
37714
37723
37740
37757
37759
37778
37782
37783
37789
37797
37798
37808
37811
37813
37815
37816
37825
37828
37830
37838
37840
37842
37844
37849
37852
37867
37868
37872
37878
37890
37911
37938
37942
37949
37949
37950
37953
37969
37970
37989
38003
38020
38022
38029
38053
38109
38112
38114
38136
38140
38156
38173
38175
38186
38187
38203
38206
38213
38214
38216
38233
38234
38237
38239
38246
38262
38265
38274
38276
38290
38301
38306
38311
38320
38334
38335
38348
38359
38361
38369
38380
38381
38383
38395
38401
38401
38402
38421
38423
38452
38458
38475
38480
38503
38509
38519
38521
38524
38527
38546
38561
38569
38575
38580
38585
38590
38602
38619
38624
38630
38642
38645
38651
38667
38678
38678
38686
38693
38701
38726
38731
38736
38738
38746
38751
38766
38779
38781
38785
38785
38799
38801
38802
38810
38821
38822
38822
38833
38836
38841
38850
38861
38870
38887
38895
38904
38907
38910
38929
38939
38942
38966
38975
38982
38987
38987
38990
39007
39016
39023
39034
39049
39070
39079
39079
39106
39107
39114
39122
39190
39198
39218
39233
39235
39243
39248
39269
39283
39298
39302
39320
39335
39345
39371
39373
39377
39422
39434
39455
39458
39478
39480
39482
39494
39525
39553
39555
39565
39570
39582
39587
39598
39605
39615
39631
39644
39659
39697
39705
39708
39721
39732
39752
39753
39788
39803
39839
39840
39852
39858
39869
39884
39899
39908
39912
39915
39921
39921
39926
39939
39942
39950
39959
39960
39983
40024
40025
40034
40041
40043
40047
40056
40072
40089
40089
40099
40113
40149
40157
40160
40203
40226
40228
40230
40236
40249
40271
40274
40277
40278
40292
40312
40316
40324
40347
40350
40354
40357
40405
40413
40414
40421
40426
40427
40433
40437
40447
40464
40465
40472
40475
40476
40481
40484
40490
40497
40501
40521
40529
40529
40563
40565
40569
40594
40599
40602
40603
40609
40616
40625
40639
40647
40668
40732
40743
40746
40767
40768
40823
40833
40843
40847
40860
40870
40870
40889
40904
40921
40928
40932
40946
40956
40957
40967
40968
40970
40975
40976
40976
40983
40985
40986
40995
41002
41011
41021
41024
41033
41053
41057
41082
41091
41098
41129
41130
41132
41140
41144
41147
41155
41164
41177
41188
41204
41233
41239
41270
41289
41291
41298
41300
41303
41318
41320
41322
41324
41337
41364
41380
41404
41409
41433
41434
41443
41454
41467
41475
41483
41493
41504
41508
41513
41513
41513
41516
41519
41545
41573
41574
41577
41586
41611
41612
41617
41625
41647
41647
41649
41650
41650
41656
41664
41671
41672
41676
41680
41684
41684
41712
41718
41726
41747
41755
41773
41786
41807
41811
41823
41831
41845
41865
41866
41876
41895
41898
41905
41919
41938
41947
41952
41960
41964
41969
41969
41990
42016
42027
42037
42040
42073
42074
42079
42083
42096
42102
42109
42110
42131
42136
42149
42157
42157
42159
42176
42203
42231
42232
42275
42277
42280
42283
42304
42314
42320
42321
42333
42339
42359
42371
42373
42376
42386
42392
42408
42418
42424
42433
42442
42445
42445
42465
42480
42482
42488
42509
42513
42546
42555
42563
42580
42583
42585
42589
42594
42604
42617
42626
42628
42632
42678
42682
42695
42717
42740
42746
42747
42747
42753
42764
42774
42785
42788
42805
42822
42828
42836
42837
42855
42872
42910
42938
42953
42958
42967
42971
42983
43013
43024
43043
43055
43057
43060
43066
43073
43090
43095
43103
43110
43112
43121
43130
43130
43144
43145
43147
43156
43156
43174
43182
43197
43203
43219
43220
43223
43223
43232
43246
43248
43252
43263
43302
43302
43302
43304
43318
43338
43354
43360
43399
43409
43411
43421
43447
43449
43449
43463
43477
43478
43499
43500
43523
43524
43525
43529
43531
43532
43536
43558
43560
43592
43604
43645
43649
43655
43678
43725
43755
43762
43786
43789
43802
43804
43821
43827
43832
43834
43839
43845
43845
43845
43847
43852
43856
43859
43863
43866
43870
43901
43907
43927
43952
43954
43956
44009
44018
44030
44044
44056
44058
44058
44059
44065
44067
44084
44113
44125
44133
44151
44161
44161
44175
44179
44181
44182
44194
44198
44202
44214
44229
44237
44244
44249
44257
44268
44287
44296
44305
44305
44309
44314
44315
44329
44333
44342
44347
44376
44379
44386
44397
44399
44403
44403
44404
44407
44423
44433
44435
44448
44463
44473
44508
44512
44513
44515
44517
44522
44531
44534
44538
44557
44571
44572
44578
44594
44604
44619
44628
44634
44640
44644
44695
44699
44701
44711
44732
44737
44746
44754
44769
44790
44790
44791
44797
44835
44836
44840
44880
44886
44888
44914
44935
44936
44940
44951
44962
44962
44967
44967
44979
44980
44993
45007
45008
45012
45012
45024
45037
45058
45062
45069
45071
45077
45081
45082
45085
45103
45105
45109
45135
45165
45171
45179
45196
45214
45240
45247
45263
45265
45291
45320
45322
45333
45341
45342
45361
45369
45372
45389
45402
45408
45409
45439
45439
45459
45461
45468
45479
45483
45546
45577
45599
45604
45616
45623
45635
45643
45654
45668
45690
45693
45702
45731
45738
45745
45748
45749
45770
45771
45800
45810
45825
45843
45854
45858
45859
45869
45884
45920
45927
45945
45962
45970
45970
45983
45995
45999
46003
46009
46009
46015
46016
46028
46035
46046
46054
46080
46089
46093
46099
46108
46110
46131
46140
46144
46147
46153
46179
46211
46217
46226
46230
46238
46246
46248
46282
46284
46285
46293
46306
46318
46357
46379
46389
46390
46392
46411
46411
46416
46453
46487
46498
46503
46515
46520
46537
46538
46540
46590
46591
46592
46599
46616
46638
46646
46656
46662
46682
46687
46690
46690
46717
46721
46728
46735
46738
46778
46818
46835
46842
46859
46865
46877
46884
46887
46889
46897
46904
46914
46920
46941
46951
46958
46960
46969
46976
46979
46998
47007
47026
47026
47029
47040
47058
47100
47128
47130
47131
47147
47164
47167
47169
47187
47200
47202
47226
47234
47236
47236
47245
47282
47288
47299
47302
47313
47322
47334
47343
47347
47356
47365
47389
47395
47408
47415
47422
47422
47435
47442
47449
47451
47460
47464
47465
47481
47482
47511
47516
47521
47527
47527
47529
47533
47547
47551
47562
47562
47595
47598
47604
47605
47611
47632
47646
47665
47673
47674
47697
47718
47723
47733
47736
47741
47748
47754
47762
47767
47774
47789
47799
47809
47816
47821
47838
47858
47859
47863
47887
47888
47901
47925
47927
47940
47946
47966
47967
47974
47984
47991
48008
48009
48032
48033
48047
48049
48050
48056
48059
48061
48079
48091
48097
48100
48116
48116
48119
48120
48145
48148
48169
48203
48203
48211
48225
48227
48227
48240
48246
48248
48268
48274
48294
48345
48351
48365
48373
48373
48375
48388
48391
48422
48424
48429
48440
48447
48449
48468
48468
48495
48505
48505
48507
48522
48526
48528
48540
48543
48552
48580
48583
48589
48590
48596
48611
48613
48618
48639
48643
48665
48671
48671
48684
48700
48710
48715
48729
48736
48746
48748
48753
48763
48769
48773
48782
48788
48789
48789
48798
48823
48829
48845
48848
48850
48854
48868
48895
48897
48902
48917
48920
48929
48935
48937
48968
48970
48990
49017
49040
49056
49061
49068
49072
49072
49080
49084
49094
49095
49101
49108
49114
49117
49118
49122
49123
49141
49142
49154
49178
49189
49204
49204
49209
49247
49250
49253
49255
49276
49282
49296
49296
49304
49321
49324
49354
49360
49363
49371
49374
49414
49416
49421
49427
49431
49452
49462
49483
49486
49494
49497
49502
49504
49507
49533
49536
49556
49578
49595
49599
49610
49619
49626
49629
49630
49638
49651
49657
49667
49674
49692
49693
49713
49739
49741
49744
49747
49762
49765
49771
49778
49791
49802
49805
49809
49812
49818
49823
49823
49850
49857
49863
49874
49878
49885
49891
49893
49896
49907
49922
49924
49932
49932
49937
49941
49949
49964
49978
49995
49997
50006
50010
50024
50028
50032
50035
50060
50065
50068
50069
50081
50082
50093
50116
50133
50145
50163
50174
50186
50198
50222
50225
50225
50258
50258
50259
50265
50274
50283
50293
50304
50309
50326
50329
50341
50342
50352
50352
50387
50423
50431
50435
50443
50451
50463
50475
50482
50491
50492
50497
50498
50500
50505
50512
50523
50525
50529
50532
50539
50541
50550
50559
50573
50578
50585
50597
50601
50606
50621
50624
50630
50631
50659
50679
50679
50707
50748
50751
50756
50764
50766
50768
50780
50802
50804
50805
50814
50823
50829
50834
50870
50896
50899
50906
50910
50930
50940
50940
50950
50951
50959
50966
50974
50978
50993
51012
51018
51072
51075
51082
51117
51126
51132
51136
51141
51143
51143
51156
51168
51186
51186
51197
51204
51204
51210
51211
51228
51253
51255
51264
51271
51282
51287
51295
51299
51318
51323
51328
51335
51336
51337
51343
51344
51350
51359
51371
51375
51378
51380
51391
51398
51417
51431
51439
51442
51444
51449
51450
51456
51458
51484
51490
51513
51526
51535
51546
51548
51555
51570
51573
51584
51597
51601
51607
51609
51612
51621
51635
51645
51646
51648
51680
51683
51687
51708
51752
51754
51759
51763
51777
51786
51787
51801
51812
51821
51841
51843
51846
51855
51858
51870
51887
51904
51923
51924
51933
51956
51956
51960
51966
51978
51990
52013
52020
52093
52104
52105
52110
52144
52158
52163
52169
52172
52189
52194
52200
52212
52217
52233
52235
52255
52255
52257
52288
52297
52318
52346
52350
52356
52369
52371
52375
52376
52388
52389
52389
52391
52401
52403
52405
52405
52423
52435
52445
52448
52458
52461
52469
52475
52497
52506
52531
52537
52538
52560
52585
52604
52620
52640
52648
52662
52715
52717
52718
52721
52743
52749
52763
52772
52777
52778
52793
52794
52797
52803
52819
52833
52844
52844
52845
52848
52849
52849
52852
52856
52860
52871
52872
52884
52888
52893
52894
52920
52924
52950
52952
52958
52969
52987
52995
53013
53016
53025
53025
53054
53070
53074
53107
53109
53126
53140
53143
53156
53164
53183
53187
53191
53206
53212
53216
53250
53253
53273
53277
53296
53297
53313
53322
53323
53324
53337
53356
53357
53359
53380
53401
53412
53465
53467
53477
53490
53512
53514
53518
53530
53591
53593
53610
53625
53634
53647
53650
53654
53662
53663
53670
53680
53727
53736
53738
53761
53793
53795
53800
53810
53830
53832
53852
53879
53885
53890
53911
53923
53929
53935
53935
53947
53962
53962
53964
53974
53983
53986
54029
54032
54034
54034
54035
54042
54050
54058
54061
54064
54070
54081
54083
54128
54134
54154
54161
54192
54194
54194
54226
54233
54235
54236
54239
54264
54265
54266
54279
54289
54319
54322
54331
54337
54350
54353
54362
54363
54370
54376
54384
54389
54392
54418
54422
54432
54441
54453
54457
54474
54489
54500
54506
54507
54517
54518
54539
54542
54549
54552
54554
54557
54574
54622
54624
54633
54649
54658
54671
54680
54692
54694
54713
54729
54750
54751
54763
54768
54805
54811
54839
54840
54849
54857
54862
54874
54886
54893
54901
54904
54917
54923
54948
54953
54987
54988
55001
55014
55028
55045
55052
55063
55078
55081
55091
55105
55110
55140
55150
55157
55161
55164
55164
55164
55207
55210
55220
55232
55247
55248
55267
55281
55282
55311
55331
55337
55353
55368
55372
55387
55395
55396
55402
55410
55416
55440
55443
55460
55464
55475
55477
55511
55513
55517
55526
55547
55558
55561
55568
55575
55581
55582
55584
55586
55605
55606
55607
55607
55610
55613
55614
55616
55618
55621
55650
55652
55653
55654
55674
55678
55682
55729
55743
55744
55750
55754
55754
55757
55765
55774
55788
55788
55806
55809
55811
55812
55826
55876
55880
55886
55905
55918
55920
55923
55964
55981
55987
55993
56028
56034
56044
56100
56102
56108
56109
56122
56125
56135
56148
56150
56153
56156
56167
56185
56221
56236
56238
56251
56254
56256
56263
56276
56288
56296
56296
56310
56326
56344
56350
56368
56376
56399
56402
56403
56404
56411
56413
56432
56432
56434
56438
56454
56459
56465
56474
56476
56478
56485
56489
56494
56505
56506
56507
56514
56526
56526
56527
56549
56554
56557
56558
56574
56577
56578
56578
56600
56641
56660
56694
56706
56706
56726
56727
56731
56734
56756
56764
56768
56778
56783
56783
56791
56795
56829
56833
56837
56839
56844
56864
56866
56875
56875
56878
56880
56888
56890
56893
56898
56923
56926
56929
56942
56943
56944
56973
56975
56985
56987
56989
56989
56996
56996
57010
57022
57031
57051
57056
57071
57075
57085
57094
57106
57113
57124
57141
57145
57149
57163
57165
57198
57208
57215
57220
57223
57224
57226
57242
57245
57253
57261
57269
57271
57282
57289
57306
57308
57377
57380
57386
57392
57405
57418
57419
57421
57425
57432
57440
57475
57487
57489
57490
57503
57510
57520
57533
57552
57587
57588
57614
57628
57649
57650
57658
57665
57665
57670
57671
57674
57701
57722
57725
57725
57737
57743
57746
57751
57759
57763
57777
57791
57794
57794
57795
57831
57835
57839
57850
57857
57876
57889
57902
57929
57960
57974
57985
57986
58010
58026
58027
58027
58038
58041
58049
58054
58068
58076
58083
58095
58103
58103
58119
58132
58139
58140
58150
58153
58158
58203
58216
58217
58238
58244
58260
58261
58267
58271
58277
58298
58311
58323
58336
58340
58354
58356
58407
58424
58435
58455
58461
58478
58494
58495
58502
58505
58510
58517
58521
58522
58543
58553
58553
58563
58573
58577
58606
58607
58616
58617
58669
58692
58697
58698
58698
58699
58700
58703
58717
58720
58723
58723
58748
58754
58757
58763
58801
58819
58820
58825
58827
58861
58865
58869
58898
58902
58903
58912
58912
58915
58919
58939
58950
58955
58958
58976
58991
59042
59042
59053
59059
59069
59069
59090
59100
59101
59110
59118
59124
59130
59132
59135
59139
59143
59159
59161
59184
59186
59190
59192
59196
59197
59222
59224
59227
59258
59298
59321
59322
59324
59329
59340
59346
59348
59355
59363
59369
59380
59389
59401
59416
59421
59455
59457
59462
59466
59468
59469
59490
59516
59530
59546
59571
59597
59601
59608
59613
59630
59634
59661
59687
59690
59693
59696
59701
59715
59725
59727
59763
59767
59774
59778
59781
59808
59844
59864
59866
59869
59870
59871
59896
59932
59947
59959
59965
59968
59978
59986
60010
60019
60021
60030
60032
60048
60054
60055
60056
60076
60079
60084
60093
60098
60099
60103
60132
60135
60137
60145
60153
60164
60168
60173
60199
60207
60209
60210
60224
60224
60228
60229
60246
60248
60257
60268
60285
60302
60306
60321
60324
60339
60343
60343
60364
60367
60374
60383
60389
60415
60423
60462
60489
60496
60504
60509
60517
60518
60523
60525
60526
60531
60562
60568
60575
60584
60592
60599
60613
60614
60622
60625
60654
60655
60657
60662
60664
60666
60707
60763
60770
60773
60791
60792
60805
60805
60821
60821
60824
60828
60831
60845
60850
60858
60866
60876
60893
60899
60910
60915
60916
60920
60926
60936
60957
60971
60976
60978
60979
60988
61003
61012
61012
61014
61015
61023
61042
61047
61056
61065
61068
61073
61087
61101
61110
61110
61122
61138
61157
61190
61196
61197
61199
61203
61212
61219
61229
61238
61248
61250
61254
61266
61277
61289
61296
61297
61308
61308
61346
61347
61350
61360
61362
61365
61366
61373
61373
61387
61402
61410
61410
61434
61435
61443
61443
61450
61454
61459
61473
61477
61500
61531
61533
61537
61565
61572
61582
61593
61637
61637
61638
61641
61645
61656
61670
61672
61684
61688
61688
61702
61705
61717
61727
61730
61741
61758
61760
61775
61787
61787
61799
61809
61828
61836
61844
61847
61856
61886
61894
61925
61947
61951
61989
61996
62003
62003
62007
62036
62052
62075
62081
62097
62097
62113
62116
62119
62125
62125
62127
62128
62129
62129
62156
62170
62174
62186
62198
62218
62245
62249
62273
62277
62280
62326
62345
62354
62360
62379
62392
62395
62402
62413
62421
62424
62424
62425
62438
62444
62444
62446
62457
62470
62478
62488
62509
62519
62520
62529
62537
62538
62551
62570
62586
62598
62605
62612
62613
62621
62625
62635
62644
62653
62658
62696
62700
62708
62723
62723
62759
62799
62800
62806
62811
62825
62871
62898
62901
62911
62926
62936
62939
62943
62944
62952
62957
62960
62963
62969
62969
62979
62983
62983
62993
63002
63008
63011
63012
63012
63023
63027
63028
63044
63054
63110
63139
63150
63176
63178
63185
63190
63192
63227
63230
63237
63240
63249
63256
63268
63307
63308
63325
63350
63366
63370
63402
63423
63429
63440
63469
63509
63516
63525
63528
63531
63535
63548
63558
63570
63576
63576
63582
63587
63615
63624
63625
63629
63634
63640
63676
63707
63713
63721
63730
63733
63745
63746
63755
63765
63765
63771
63793
63795
63797
63823
63824
63827
63831
63839
63864
63864
63874
63879
63923
63926
63938
63939
63943
63950
63951
63963
63966
63988
63991
63991
63994
64003
64004
64018
64023
64027
64042
64045
64070
64079
64084
64101
64109
64110
64110
64110
64121
64139
64156
64162
64180
64182
64187
64191
64198
64210
64261
64263
64271
64292
64311
64314
64332
64339
64342
64351
64356
64371
64384
64388
64388
64389
64389
64415
64416
64416
64422
64425
64435
64453
64456
64463
64468
64470
64475
64511
64513
64513
64518
64528
64543
64545
64546
64547
64555
64577
64577
64598
64612
64624
64630
64632
64650
64666
64669
64675
64686
64690
64693
64700
64702
64707
64707
64724
64725
64735
64735
64749
64763
64763
64769
64776
64780
64783
64785
64790
64803
64822
64833
64846
64856
64863
64863
64866
64885
64892
64901
64908
64916
64919
64925
64929
64973
64984
64986
64996
65001
65010
65037
65042
65044
65053
65054
65066
65097
65116
65136
65141
65153
65156
65167
65171
65171
65182
65183
65187
65232
65251
65254
65263
65264
65291
65300
65301
65308
65308
65311
65328
65328
65334
65338
65339
65341
65364
65374
65390
65404
65405
65423
65448
65457
65465
65467
65478
65498
65542
65556
65586
65587
65587
65594
65599
65654
65659
65661
65679
65690
65706
65715
65729
65736
65753
65758
65763
65784
65785
65787
65797
65813
65817
65830
65851
65854
65867
65877
65886
65888
65913
65920
65934
65958
65959
65980
65985
66058
66077
66078
66079
66090
66107
66112
66115
66145
66147
66189
66194
66198
66209
66217
66254
66260
66272
66278
66303
66307
66327
66345
66356
66358
66361
66364
66364
66373
66380
66383
66400
66404
66406
66428
66430
66446
66453
66472
66473
66479
66484
66494
66508
66508
66513
66518
66522
66524
66555
66595
66609
66611
66620
66625
66654
66671
66673
66674
66685
66689
66689
66693
66696
66731
66737
66738
66743
66743
66748
66783
66801
66804
66810
66824
66825
66834
66851
66862
66863
66872
66875
66887
66919
66929
66933
66934
66937
66969
66972
66987
66991
67021
67031
67032
67034
67042
67052
67078
67083
67093
67093
67115
67129
67168
67172
67173
67188
67203
67215
67220
67220
67236
67250
67252
67275
67295
67306
67306
67321
67332
67340
67345
67353
67369
67375
67397
67400
67431
67440
67451
67467
67471
67474
67484
67489
67531
67539
67545
67554
67570
67609
67613
67614
67616
67652
67659
67668
67675
67680
67694
67703
67716
67732
67740
67740
67746
67781
67787
67790
67792
67795
67836
67841
67843
67843
67877
67878
67885
67888
67903
67904
67908
67913
67915
67921
67924
67938
67940
67942
67955
67956
67959
67965
67971
67998
68027
68050
68051
68058
68076
68084
68087
68093
68104
68114
68120
68124
68125
68127
68192
68193
68202
68205
68206
68243
68247
68266
68271
68278
68289
68318
68362
68366
68387
68394
68402
68408
68414
68417
68435
68443
68475
68478
68484
68489
68498
68502
68508
68517
68522
68522
68523
68524
68530
68534
68546
68549
68550
68559
68564
68571
68583
68591
68594
68611
68624
68636
68639
68642
68645
68655
68659
68671
68674
68681
68695
68703
68707
68716
68745
68746
68769
68790
68793
68809
68821
68822
68828
68845
68850
68877
68913
68919
68920
68923
68931
68950
68954
68967
68978
68998
69009
69013
69027
69041
69056
69070
69085
69085
69086
69091
69102
69105
69107
69113
69133
69139
69152
69159
69165
69169
69169
69179
69182
69193
69206
69206
69214
69221
69240
69257
69257
69261
69272
69277
69278
69279
69285
69289
69297
69298
69319
69323
69328
69335
69338
69343
69362
69365
69376
69387
69389
69396
69433
69450
69477
69521
69554
69564
69564
69565
69583
69594
69594
69605
69625
69639
69650
69655
69657
69670
69671
69702
69720
69768
69770
69773
69777
69786
69795
69799
69803
69811
69820
69830
69850
69850
69857
69858
69862
69871
69879
69884
69899
69905
69907
69910
69911
69944
69961
69972
69987
69988
69998
69999
70009
70011
70015
70017
70036
70051
70055
70064
70071
70120
70121
70136
70139
70158
70179
70185
70203
70210
70251
70257
70263
70272
70311
70317
70326
70327
70343
70343
70346
70353
70355
70357
70360
70368
70425
70431
70446
70480
70500
70507
70508
70523
70532
70537
70544
70570
70570
70573
70576
70577
70577
70596
70608
70621
70642
70655
70668
70676
70705
70713
70716
70721
70732
70740
70758
70776
70779
70799
70819
70832
70833
70838
70840
70845
70848
70863
70874
70886
70905
70910
70911
70913
70938
70938
70948
70950
70996
71016
71036
71046
71049
71053
71069
71078
71082
71084
71112
71129
71132
71134
71137
71152
71158
71159
71165
71170
71177
71179
71180
71195
71197
71200
71211
71217
71224
71225
71229
71257
71269
71273
71286
71301
71321
71327
71331
71335
71351
71371
71382
71386
71403
71406
71412
71420
71420
71426
71454
71463
71473
71494
71527
71536
71541
71547
71557
71566
71584
71584
71598
71625
71639
71651
71667
71677
71678
71689
71697
71705
71716
71725
71735
71742
71748
71750
71795
71800
71832
71836
71891
71897
71900
71900
71916
71928
71957
71975
71977
71995
72034
72038
72046
72048
72060
72062
72116
72117
72120
72142
72147
72151
72167
72168
72171
72174
72189
72197
72209
72216
72231
72243
72246
72250
72268
72283
72291
72294
72301
72332
72349
72350
72371
72378
72397
72413
72417
72425
72437
72450
72474
72486
72489
72508
72513
72515
72520
72555
72562
72569
72578
72609
72609
72615
72615
72617
72635
72660
72662
72665
72671
72672
72674
72685
72688
72698
72758
72777
72789
72794
72799
72800
72805
72810
72819
72834
72852
72860
72879
72880
72910
72936
72945
72959
72976
72986
72993
72996
72996
73001
73015
73029
73032
73044
73047
73054
73106
73120
73121
73121
73122
73137
73138
73140
73144
73161
73198
73199
73200
73208
73218
73219
73222
73226
73234
73248
73251
73257
73275
73280
73310
73313
73314
73317
73329
73341
73347
73377
73382
73384
73384
73387
73394
73407
73410
73428
73435
73445
73455
73461
73476
73508
73515
73524
73526
73548
73564
73570
73583
73590
73590
73596
73599
73600
73614
73619
73638
73639
73642
73647
73681
73682
73688
73689
73698
73723
73764
73780
73785
73786
73795
73808
73811
73815
73833
73851
73860
73869
73874
73886
73886
73890
73903
73920
73928
73934
73944
73955
73962
73965
73973
73973
73982
73998
74029
74038
74045
74058
74077
74092
74110
74125
74128
74137
74158
74175
74184
74220
74230
74262
74271
74273
74297
74303
74303
74312
74336
74350
74362
74366
74369
74372
74373
74387
74397
74398
74415
74419
74429
74433
74436
74437
74457
74482
74482
74490
74518
74529
74531
74536
74538
74553
74559
74560
74566
74575
74576
74579
74590
74594
74594
74602
74610
74611
74652
74665
74672
74676
74691
74708
74719
74772
74784
74788
74798
74823
74825
74831
74832
74842
74857
74867
74868
74889
74890
74892
74895
74905
74908
74909
74911
74930
74941
74946
74947
74998
75006
75016
75017
75035
75038
75051
75052
75054
75077
75134
75139
75191
75197
75224
75235
75281
75310
75312
75326
75332
75367
75369
75370
75372
75391
75394
75396
75397
75406
75409
75446
75453
75464
75478
75485
75505
75512
75547
75554
75561
75563
75567
75567
75573
75584
75592
75593
75600
75602
75615
75617
75632
75665
75682
75686
75689
75700
75706
75718
75724
75725
75753
75768
75771
75787
75787
75813
75819
75822
75829
75837
75839
75839
75850
75851
75863
75928
75935
75937
75948
75957
75966
75976
75991
76039
76051
76089
76092
76098
76105
76116
76120
76127
76130
76131
76139
76142
76143
76144
76156
76162
76181
76190
76195
76201
76208
76213
76214
76216
76221
76226
76228
76233
76234
76239
76264
76273
76278
76279
76280
76287
76290
76308
76310
76331
76341
76345
76367
76380
76387
76401
76405
76412
76413
76420
76425
76428
76438
76446
76458
76477
76488
76498
76501
76504
76552
76553
76583
76599
76601
76616
76621
76628
76646
76661
76678
76685
76691
76694
76708
76710
76710
76710
76717
76720
76725
76727
76737
76738
76750
76763
76813
76820
76823
76828
76828
76837
76839
76840
76844
76857
76873
76875
76881
76918
76920
76932
76934
76938
76942
76957
76961
76977
77000
77002
77007
77032
77045
77063
77074
77083
77086
77109
77124
77124
77162
77165
77168
77176
77176
77181
77193
77209
77221
77241
77248
77248
77249
77260
77262
77278
77286
77286
77294
77295
77296
77297
77300
77325
77333
77334
77355
77359
77361
77368
77381
77381
77393
77399
77414
77423
77427
77434
77437
77440
77452
77461
77494
77498
77501
77505
77511
77517
77523
77527
77551
77587
77590
77594
77601
77613
77618
77633
77633
77637
77638
77645
77649
77656
77681
77696
77700
77704
77717
77721
77721
77731
77744
77796
77800
77808
77813
77823
77825
77835
77855
77866
77868
77874
77883
77891
77898
77905
77927
77929
77934
77948
77949
77950
77957
77961
77978
77981
77987
77991
78010
78021
78026
78026
78047
78066
78072
78074
78086
78087
78094
78099
78118
78122
78127
78127
78132
78134
78139
78139
78194
78195
78229
78258
78273
78284
78294
78303
78314
78362
78363
78385
78387
78392
78394
78417
78421
78422
78430
78440
78448
78476
78491
78492
78494
78500
78501
78520
78534
78537
78544
78552
78560
78569
78570
78573
78579
78581
78586
78597
78604
78606
78608
78672
78674
78684
78689
78690
78715
78716
78718
78719
78724
78735
78741
78742
78746
78746
78759
78781
78783
78809
78816
78818
78839
78840
78845
78917
78921
78927
78932
78987
79003
79009
79026
79027
79053
79055
79058
79065
79079
79086
79104
79108
79119
79120
79126
79127
79132
79140
79151
79157
79168
79168
79172
79174
79177
79184
79189
79198
79199
79206
79238
79246
79249
79252
79303
79313
79318
79340
79346
79403
79405
79425
79434
79444
79446
79459
79461
79461
79463
79478
79485
79506
79507
79517
79522
79534
79538
79540
79542
79543
79551
79566
79572
79590
79602
79617
79621
79640
79641
79648
79654
79662
79667
79690
79704
79764
79764
79772
79778
79783
79784
79786
79812
79819
79833
79836
79836
79839
79855
79868
79868
79881
79887
79899
79900
79909
79912
79915
79916
79957
79958
79971
80009
80012
80044
80098
80112
80131
80169
80171
80175
80196
80247
80263
80269
80275
80279
80312
80326
80333
80334
80347
80356
80360
80369
80371
80381
80387
80389
80390
80394
80402
80406
80427
80431
80438
80442
80455
80456
80470
80520
80535
80538
80540
80557
80559
80563
80572
80589
80595
80600
80610
80623
80626
80637
80641
80649
80653
80658
80659
80669
80669
80671
80675
80689
80698
80702
80706
80712
80715
80751
80757
80777
80789
80797
80798
80809
80815
80815
80828
80832
80832
80849
80860
80881
80887
80917
80934
80952
80973
80991
80993
80995
80999
81002
81009
81016
81017
81020
81021
81023
81023
81031
81062
81077
81082
81084
81085
81122
81132
81134
81151
81153
81166
81170
81174
81193
81200
81215
81248
81249
81249
81255
81260
81268
81278
81280
81286
81288
81293
81296
81301
81310
81322
81324
81324
81327
81351
81382
81383
81387
81398
81438
81441
81465
81487
81498
81510
81537
81538
81581
81594
81605
81609
81619
81626
81626
81629
81633
81637
81654
81664
81678
81690
81694
81703
81703
81714
81717
81737
81748
81763
81776
81795
81807
81808
81811
81815
81818
81820
81835
81839
81840
81849
81860
81869
81892
81912
81926
81959
81967
81973
82031
82046
82056
82061
82069
82085
82088
82098
82103
82118
82126
82129
82133
82136
82192
82197
82197
82198
82211
82221
82271
82280
82284
82293
82303
82321
82324
82328
82358
82358
82366
82379
82395
82404
82425
82427
82427
82427
82439
82442
82445
82447
82449
82466
82485
82487
82490
82492
82504
82509
82544
82549
82557
82561
82561
82572
82595
82599
82602
82602
82606
82609
82611
82624
82627
82639
82652
82663
82666
82669
82670
82670
82683
82692
82694
82723
82736
82756
82758
82776
82799
82808
82809
82810
82816
82823
82827
82836
82837
82870
82872
82879
82882
82897
82898
82903
82905
82914
82925
82937
82941
82953
82960
82965
82965
82980
82990
82999
83006
83007
83030
83038
83045
83056
83060
83061
83065
83069
83075
83080
83086
83094
83098
83107
83115
83119
83131
83150
83152
83165
83180
83228
83230
83248
83253
83260
83263
83267
83271
83274
83299
83302
83302
83317
83319
83324
83332
83334
83354
83374
83379
83396
83409
83411
83431
83463
83483
83497
83499
83515
83517
83528
83535
83543
83549
83555
83557
83559
83565
83565
83565
83568
83572
83586
83587
83601
83603
83606
83610
83614
83620
83688
83692
83703
83706
83715
83729
83734
83755
83759
83767
83769
83774
83779
83796
83797
83800
83815
83843
83860
83869
83869
83880
83885
83905
83912
83915
83918
83921
83922
83922
83934
83947
83954
83956
83960
83985
84017
84024
84032
84056
84058
84063
84064
84071
84088
84102
84117
84119
84132
84140
84147
84154
84155
84177
84209
84223
84241
84248
84268
84272
84279
84285
84288
84289
84290
84291
84293
84294
84294
84327
84331
84343
84350
84370
84371
84374
84394
84406
84431
84440
84444
84475
84480
84500
84502
84508
84530
84531
84544
84554
84558
84566
84578
84580
84597
84600
84607
84620
84633
84654
84675
84680
84680
84683
84683
84684
84688
84693
84699
84706
84710
84723
84745
84746
84792
84797
84799
84822
84827
84843
84844
84845
84847
84870
84888
84890
84922
84927
84931
84960
84961
84963
84986
85014
85032
85033
85042
85045
85047
85053
85065
85067
85078
85101
85106
85110
85113
85117
85118
85121
85123
85126
85140
85141
85143
85162
85167
85174
85188
85189
85193
85208
85220
85221
85222
85227
85252
85277
85297
85335
85360
85365
85367
85373
85380
85389
85402
85402
85423
85439
85448
85452
85470
85474
85479
85482
85486
85493
85497
85510
85529
85544
85562
85572
85574
85576
85597
85600
85601
85602
85610
85615
85627
85630
85641
85644
85647
85658
85661
85685
85694
85706
85719
85732
85743
85798
85798
85813
85829
85829
85848
85857
85880
85886
85899
85900
85902
85913
85921
85926
85942
85947
85954
85973
85982
85990
86001
86012
86015
86015
86022
86023
86024
86038
86046
86090
86096
86134
86141
86142
86157
86168
86201
86212
86217
86218
86229
86231
86245
86253
86261
86279
86291
86294
86295
86304
86316
86323
86335
86342
86357
86365
86365
86387
86403
86408
86424
86430
86434
86471
86471
86474
86483
86502
86502
86505
86525
86530
86539
86633
86637
86641
86653
86664
86666
86676
86691
86704
86707
86728
86735
86735
86739
86756
86763
86764
86775
86791
86801
86835
86837
86851
86851
86872
86894
86923
86928
86934
86936
86940
86940
86958
86975
86994
87010
87013
87020
87028
87030
87034
87044
87046
87052
87053
87056
87068
87070
87078
87081
87093
87116
87128
87129
87145
87149
87161
87163
87168
87173
87179
87185
87193
87195
87200
87215
87217
87231
87233
87244
87249
87249
87274
87278
87292
87314
87318
87330
87337
87355
87358
87369
87371
87414
87416
87420
87428
87435
87439
87442
87451
87463
87489
87501
87502
87513
87517
87517
87518
87536
87557
87561
87566
87571
87582
87586
87609
87620
87628
87638
87638
87649
87693
87694
87698
87703
87715
87716
87737
87755
87779
87782
87790
87795
87805
87807
87810
87816
87832
87837
87861
87868
87870
87893
87900
87906
87909
87909
87912
87923
87930
87944
87951
87965
87986
88009
88017
88021
88026
88045
88057
88060
88073
88074
88077
88092
88108
88112
88115
88119
88124
88126
88148
88148
88152
88168
88207
88207
88211
88228
88245
88247
88247
88250
88255
88263
88280
88291
88302
88303
88304
88317
88318
88328
88335
88341
88354
88365
88384
88385
88398
88406
88408
88408
88429
88441
88441
88453
88463
88476
88496
88497
88501
88504
88505
88506
88508
88527
88533
88536
88543
88574
88581
88597
88607
88608
88626
88660
88681
88682
88714
88718
88733
88734
88757
88768
88796
88832
88833
88846
88847
88863
88866
88870
88882
88887
88891
88899
88902
88919
88925
88928
88929
88932
88940
88940
88943
88945
88970
88976
88977
88983
88984
88999
89010
89028
89033
89039
89083
89095
89101
89103
89118
89134
89142
89145
89145
89162
89164
89168
89180
89181
89186
89191
89222
89230
89240
89241
89242
89244
89273
89278
89292
89296
89307
89315
89327
89328
89329
89330
89338
89342
89378
89386
89386
89389
89400
89409
89409
89417
89419
89434
89434
89449
89451
89452
89461
89462
89467
89468
89468
89474
89483
89490
89497
89506
89515
89515
89524
89536
89550
89561
89584
89591
89622
89635
89670
89688
89689
89700
89704
89707
89710
89721
89729
89736
89736
89754
89770
89772
89777
89777
89791
89791
89798
89806
89809
89817
89820
89832
89844
89871
89877
89881
89892
89915
89922
89932
89933
89938
89939
89942
89946
89952
89955
89961
89969
89972
90005
90021
90033
90051
90064
90073
90078
90080
90087
90091
90115
90124
90129
90135
90137
90140
90141
90143
90150
90155
90164
90166
90168
90174
90176
90179
90182
90183
90190
90195
90211
90230
90247
90267
90268
90291
90325
90338
90364
90371
90372
90386
90389
90389
90394
90395
90429
90429
90430
90447
90458
90460
90468
90475
90487
90519
90527
90536
90555
90576
90589
90630
90633
90640
90647
90656
90658
90660
90664
90683
90711
90729
90733
90737
90741
90742
90759
90776
90777
90777
90777
90795
90796
90815
90852
90889
90903
90903
90905
90911
90916
90920
90930
90939
90956
90957
90979
90994
91010
91016
91017
91017
91029
91036
91038
91042
91046
91047
91051
91060
91077
91080
91112
91119
91120
91130
91142
91151
91154
91164
91169
91171
91182
91186
91190
91192
91218
91221
91230
91234
91239
91240
91246
91265
91268
91283
91306
91323
91325
91327
91328
91333
91335
91341
91355
91373
91395
91404
91407
91422
91447
91453
91459
91464
91466
91466
91466
91470
91484
91488
91511
91515
91515
91536
91553
91559
91561
91593
91607
91636
91637
91645
91647
91655
91656
91670
91672
91673
91699
91722
91725
91757
91762
91776
91782
91784
91789
91814
91820
91822
91824
91835
91861
91873
91882
91886
91891
91896
91903
91904
91908
91908
91925
91944
91950
91966
91983
92011
92013
92033
92034
92055
92057
92061
92075
92075
92078
92081
92082
92084
92098
92111
92121
92141
92143
92158
92159
92172
92174
92187
92195
92204
92207
92210
92219
92233
92251
92260
92263
92268
92272
92275
92292
92297
92300
92305
92309
92316
92329
92349
92364
92379
92396
92419
92440
92449
92450
92471
92490
92506
92521
92530
92541
92548
92553
92554
92555
92568
92569
92575
92580
92590
92598
92598
92599
92614
92628
92629
92629
92680
92686
92698
92701
92705
92709
92721
92731
92753
92754
92784
92810
92821
92825
92849
92850
92864
92889
92895
92897
92902
92913
92925
92929
92943
92955
92956
92956
92957
92959
92967
92972
92975
92978
92984
92995
93014
93021
93039
93040
93049
93053
93054
93059
93089
93096
93102
93111
93116
93124
93145
93147
93158
93162
93170
93174
93175
93181
93195
93200
93210
93221
93223
93232
93233
93256
93260
93272
93275
93283
93298
93302
93313
93313
93318
93325
93340
93348
93353
93364
93377
93385
93405
93408
93411
93414
93416
93417
93420
93426
93432
93465
93484
93502
93528
93530
93538
93555
93559
93564
93564
93566
93572
93574
93589
93600
93612
93613
93613
93615
93617
93629
93634
93637
93657
93658
93665
93665
93667
93677
93685
93702
93709
93728
93742
93764
93782
93789
93790
93819
93823
93826
93841
93844
93867
93873
93879
93884
93887
93891
93902
93924
93943
93947
93950
93957
93998
94000
94007
94013
94019
94019
94041
94064
94068
94088
94094
94100
94101
94104
94114
94124
94148
94148
94151
94154
94166
94178
94187
94210
94212
94212
94213
94228
94237
94243
94251
94260
94268
94270
94286
94298
94298
94325
94333
94336
94340
94343
94356
94363
94374
94381
94403
94405
94411
94418
94430
94459
94461
94463
94469
94470
94471
94480
94488
94494
94519
94526
94527
94549
94560
94567
94571
94589
94593
94603
94614
94637
94644
94647
94663
94663
94680
94687
94696
94705
94717
94727
94732
94760
94771
94778
94779
94797
94804
94841
94844
94890
94897
94902
94907
94909
94919
94930
94933
94966
94989
94991
94992
94992
94997
94998
94998
95005
95007
95009
95019
95054
95060
95063
95067
95072
95091
95093
95110
95112
95117
95124
95137
95141
95158
95170
95173
95181
95190
95225
95232
95234
95242
95260
95277
95286
95286
95294
95303
95319
95327
95340
95352
95356
95361
95362
95364
95368
95371
95373
95376
95376
95380
95391
95391
95402
95410
95418
95431
95438
95455
95493
95497
95499
95508
95511
95520
95534
95539
95542
95554
95559
95564
95567
95575
95575
95580
95599
95607
95608
95616
95637
95649
95664
95678
95694
95701
95704
95707
95710
95729
95753
95767
95770
95779
95783
95788
95810
95817
95818
95838
95846
95846
95848
95878
95881
95899
95915
95939
95986
95988
95990
95992
95994
96014
96017
96023
96027
96046
96087
96088
96098
96099
96106
96122
96123
96125
96132
96132
96141
96145
96153
96158
96161
96162
96167
96171
96184
96210
96210
96224
96229
96231
96234
96235
96240
96263
96266
96268
96278
96288
96310
96310
96332
96341
96346
96348
96349
96364
96370
96370
96381
96382
96395
96442
96445
96457
96475
96476
96476
96484
96486
96500
96508
96509
96527
96536
96559
96591
96598
96638
96641
96642
96660
96663
96679
96708
96731
96739
96772
96784
96787
96793
96796
96804
96808
96809
96810
96811
96819
96819
96829
96830
96854
96854
96860
96880
96905
96910
96950
96968
96970
96972
96977
96980
96995
96998
97068
97070
97072
97097
97097
97099
97102
97103
97108
97109
97117
97125
97126
97150
97151
97151
97173
97176
97183
97192
97196
97199
97213
97231
97240
97257
97267
97274
97274
97276
97281
97296
97310
97320
97323
97340
97349
97350
97351
97351
97355
97355
97366
97370
97378
97381
97386
97402
97430
97445
97453
97466
97482
97487
97494
97505
97513
97514
97549
97579
97596
97603
97614
97642
97650
97661
97671
97678
97689
97692
97692
97698
97721
97724
97725
97727
97732
97760
97760
97768
97774
97779
97796
97806
97850
97866
97878
97892
97900
97944
97952
97997
98004
98005
98014
98042
98046
98051
98053
98058
98073
98099
98121
98127
98131
98141
98153
98163
98179
98185
98189
98227
98230
98231
98232
98264
98268
98270
98279
98282
98283
98285
98286
98296
98303
98307
98325
98359
98363
98371
98387
98394
98405
98428
98443
98446
98498
98499
98500
98503
98504
98509
98510
98543
98548
98553
98573
98582
98584
98603
98623
98630
98673
98709
98767
98773
98777
98778
98800
98808
98825
98826
98829
98835
98840
98847
98853
98855
98857
98860
98882
98922
98965
98983
98983
98984
98989
98990
98998
98999
99009
99018
99027
99041
99050
99059
99079
99085
99097
99105
99106
99113
99131
99141
99143
99162
99172
99176
99183
99191
99191
99192
99196
99203
99216
99217
99232
99238
99241
99243
99261
99262
99264
99281
99287
99290
99305
99306
99308
99330
99336
99355
99358
99363
99373
99398
99399
99406
99418
99433
99438
99450
99458
99463
99473
99482
99483
99506
99512
99518
99524
99538
99548
99551
99553
99592
99610
99611
99620
99636
99639
99648
99658
99659
99664
99673
99683
99689
99691
99694
99696
99697
99697
99733
99744
99760
99771
99781
99788
99788
99798
99801
99825
99828
99833
99834
99838
99844
99860
99869
99885
99885
99888
99898
99899
99907
99910
99910
99919
99920
99921
99924
99934
99937
99963
99968
99972
99972
99984
99992
