56888
93039
23801
51960
58958
36008
8962
16461
14930
80371
19901
78421
20740
44508
44769
78719
23384
27204
99238
45668
3699
95380
86764
85576
30338
88303
29636
47967
3415
58049
83230
18860
28641
45012
38575
49061
13223
44257
30367
21746
64513
70819
80333
372
72116
62983
26688
58915
23175
70655
89515
92272
29062
88887
91323
73833
26355
55743
58336
17339
96995
79174
76310
40529
25628
5416
61199
54266
64650
254
4382
29737
54552
36883
40226
33270
75281
88919
82670
53986
34611
30701
99697
33111
5132
64191
94727
52718
3316
62097
56507
13770
51143
10291
17015
61410
66077
61775
74890
93564
49896
69795
94100
47733
35402
58697
13713
13117
67888
93617
11808
67903
30350
8944
61454
49502
78552
54034
56996
11354
99355
75850
16714
21938
30614
92555
42774
40324
28152
4687
51253
9648
8375
37268
1269
47611
5482
90759
29677
16174
91908
63576
88681
46238
97678
15469
60021
63943
20479
33298
97349
55826
21178
27118
90080
91190
93124
43762
62759
54554
55905
42314
7461
48120
26187
33750
95508
22174
31245
78258
39721
82990
33890
94992
10174
26661
38821
95848
91835
56600
12820
28710
64735
10010
30694
57985
96240
2234
44198
30156
76477
87081
27468
30085
45389
17690
78422
76331
87078
51458
12328
9581
38203
8479
71677
29278
12179
2133
20776
13444
15282
90195
38348
19471
55526
66453
43956
43463
83568
28642
85743
37598
98573
35797
32972
73764
71137
53593
56943
22138
48543
18925
44397
73886
74518
81383
34825
28037
96123
38645
38475
43302
99919
61886
74362
31059
78
56167
38966
26787
32436
42546
16532
47435
80715
7905
14711
80427
53109
22296
10983
64388
47282
6784
8945
91335
75567
4232
38779
36233
90795
54694
12994
66611
83271
63548
73874
69013
32938
3061
88385
7098
61582
17038
75464
60791
8874
87249
35263
33757
71165
43901
93364
26799
41364
61346
15496
64749
42232
15528
49094
50222
27767
40847
3105
44044
44333
19984
52233
93049
95438
33763
84745
59696
24691
36282
38624
92967
14047
88714
40569
84544
57165
8650
32106
50974
71800
31829
83334
49204
27110
6889
3071
28697
64690
37265
82683
75224
50069
33664
57490
67652
72880
17364
27042
92329
77368
22458
91822
69085
5534
81776
25
96310
42938
43845
25883
14837
34515
81085
93887
99648
33422
44305
10489
21069
40433
36851
84294
18809
36851
9263
48097
36633
33282
64332
77823
32168
52560
68530
20457
6208
72378
39494
57876
42628
81398
89329
1374
25817
14105
38975
66278
81748
93283
82466
62696
89710
63624
99191
90389
98709
95707
1088
23531
37692
46009
20753
38262
83411
20847
71494
13218
41969
36296
1937
79868
24973
62519
25266
5124
99788
15550
42110
85297
46293
21881
50498
69857
65985
78314
66209
90683
87278
10754
71129
9412
59186
73032
19844
88057
66508
28361
38746
30287
6294
74652
99636
78501
56726
96784
75787
28387
76405
88533
65311
89010
15879
47236
65364
24791
2024
83180
28886
5389
60168
3322
57405
26366
38781
36292
65291
45214
42488
66738
60339
85380
19506
96809
27956
13413
55140
80917
46690
66479
38421
20787
57670
21375
18798
99512
14780
60383
21706
44194
26490
21792
8041
74553
16464
69999
67843
61473
53610
10775
69850
38942
38003
43220
66217
86756
94068
23183
62969
47451
22650
58267
2002
36619
21270
30026
86157
79690
2397
49932
16424
60831
94992
16806
56403
8402
29014
19883
90536
95986
77381
9530
48440
8066
98303
28979
81151
33697
65785
32279
45369
27380
49431
62075
60079
99059
74387
14600
27017
49421
78845
19315
41960
23864
68124
56404
40427
71225
92275
26949
72174
17836
53054
4985
8468
56465
44315
89622
8857
98099
78534
38480
1994
33142
41021
95364
13040
17180
61122
81869
35943
18484
51391
49255
90956
77633
58435
99262
87893
2594
61003
80849
82427
73410
78684
59369
90291
46110
7788
65328
26298
96527
42304
24496
34222
18196
6352
43529
19769
91645
94567
4237
27624
6261
79463
76828
2971
26733
9225
60920
9941
24705
95362
4772
94930
53322
81633
82366
2040
38335
58068
78229
39335
54633
39434
2889
62186
26114
17300
65182
19663
30824
26277
86940
87571
80675
32441
17895
48246
43409
24593
31222
94286
39243
84508
32113
3640
95286
30801
59468
98825
65736
60568
33114
25730
48116
91561
99664
49762
83572
94381
84792
22165
54194
87649
2126
98922
22099
84248
70523
81763
3008
88608
3211
28261
91891
13501
74125
88304
96122
38833
20007
41672
79819
41053
86387
66513
9957
64577
87513
40986
11774
2911
96266
89296
68206
72062
15287
36275
32023
51978
92172
56549
89327
29881
69773
57022
11724
40521
5899
78430
32556
96132
15618
12634
99869
68645
6866
60343
60207
77333
59608
91861
36500
66862
6729
30978
62129
54337
96811
84688
50341
53074
41519
5376
42482
38785
19150
509
49068
99172
57791
86502
38301
92975
74867
91395
72147
75478
74029
42585
167
99305
18465
95352
31051
40350
5704
44305
76367
52845
74941
11237
82799
12212
24856
14425
94909
17499
10788
11238
86342
92850
59774
70508
10084
24374
50060
69799
46656
62354
19032
83610
31009
1058
56296
50823
25110
49651
58140
51136
39803
77991
41155
92568
37067
64724
90777
69107
31651
29868
68289
87068
18447
67031
23931
82069
68051
17628
21987
48009
80600
10239
50342
11934
36785
10020
81249
95846
11912
60145
57432
10452
97866
41586
45999
11339
38156
60662
82280
4434
22425
439
70938
8452
36953
57271
63531
27524
47007
89798
49674
99406
92111
6687
89451
233
6346
68114
4320
29624
90519
59069
16752
30928
42320
65171
14646
96099
81382
18238
51609
78491
96210
737
58563
34434
65594
11350
17537
34750
23804
47991
43478
68058
9849
47288
27676
90656
88833
82129
6744
67971
20855
17913
89561
56376
80832
54893
69261
75332
52110
57777
30623
35984
85732
79053
73329
17466
36037
23609
42513
27270
40957
50387
99548
2225
36395
86637
5612
68549
88073
37572
13343
88009
30202
19690
10182
2352
75567
87909
71078
93170
15734
70577
18638
25719
49056
30304
76501
97103
31309
59778
62800
73280
2903
93728
57614
2199
58455
95137
64624
6303
86775
58095
33767
39023
68950
47604
79915
83869
90737
32639
52950
57520
70676
33699
89307
42740
59197
27646
38630
12519
33033
10358
20786
78448
17533
28831
38401
4175
23699
16282
24763
57487
64351
28408
58757
41144
46717
40476
91453
57794
3513
66078
22545
31619
9979
94251
47673
6153
90957
24970
21047
26596
5482
99898
34505
64314
41188
86231
35176
47646
42386
13403
45409
21115
93589
44512
38766
86666
5157
24036
31536
25539
29564
37542
3178
41647
9439
32301
75453
65404
55653
21160
12540
34250
1701
94000
22635
94243
38112
62537
52217
9640
10344
65959
48823
88902
43532
29326
88660
43655
1953
10866
87318
15844
59118
51484
14487
9528
42580
75054
8250
71152
84024
97117
91944
84223
35375
93053
53164
35918
77957
65980
33895
89777
5801
24484
11952
62644
66872
57380
3724
11252
31493
8904
81926
44202
56706
25668
7083
56514
54862
42480
996
41898
42555
47245
13201
1445
11226
7334
59455
51264
76678
75505
53253
29468
71082
94933
50081
20010
24367
95846
87274
13749
91333
98603
81009
5208
9805
35713
51513
9936
46498
76920
25328
49932
94210
14523
81737
55586
21180
22605
14584
41147
95608
22575
58505
30990
55581
99934
70621
37867
24579
54649
73218
9869
36278
2304
28493
37778
66307
87832
35927
98983
18274
67659
89777
81020
45408
7468
18726
46520
64456
25080
71180
19397
83918
88408
31845
45291
90776
71331
36984
92955
22665
85600
91047
26369
7178
54953
67790
90589
44791
8748
96023
57419
5860
30539
57308
80702
21066
67843
71386
86923
84370
35113
43182
72417
26429
72976
53359
90487
95694
48552
33415
5630
79764
6976
29551
72246
18423
67052
28678
96860
31742
12865
22894
58720
11707
80669
18372
27156
73044
87557
72794
36385
78127
20390
38642
48116
38585
97692
11833
59222
28883
62993
23549
93657
66969
62653
57421
44557
36496
88940
14124
63827
15084
74045
86801
80169
92731
25574
12253
56100
34897
94549
49626
94268
23313
30417
30669
32321
64885
10656
69720
89419
87195
59042
79119
34479
97196
21146
91636
14861
97097
52844
36401
86022
92084
19905
22482
64780
60056
86024
89468
77649
28279
84088
30350
33409
62926
77808
99538
19916
22598
43839
9600
69179
20250
82879
67792
92260
16096
9211
40985
72665
17110
12498
87755
60666
11691
67220
28518
8395
38311
55561
51380
28864
30103
90129
15818
39732
54265
59110
45654
57113
69056
7421
51141
78026
57124
46284
23732
47741
39114
19941
31953
67732
75948
29696
58478
8626
40292
96184
79168
68522
84154
83915
49114
20147
75016
49253
54081
74457
27302
22422
37196
94797
95990
15935
14971
93116
97774
87149
33904
43804
96638
88124
5966
93059
93629
7484
91404
62898
63797
12945
35798
9039
29767
51956
96161
82736
53212
55607
6537
80595
41513
56326
99689
13003
96509
55337
91637
62612
331
21350
21559
55880
78127
40099
901
15754
10943
53929
32892
29951
64079
22084
48763
33916
72993
21479
69214
42747
41671
75724
52884
39079
33942
9241
3776
23767
28297
61758
41129
33336
51375
62395
74398
21442
45970
94527
56778
30348
64453
94411
85615
20476
93385
67220
64547
93302
55964
89095
40932
79958
32638
1511
91192
40249
65729
13747
64101
77813
80269
94019
46538
88970
13838
61360
42872
12592
68443
70355
50993
29199
83715
59781
10683
51117
28757
16166
37825
76737
41324
51450
86471
80455
11861
50541
3815
54029
94463
43223
83565
49610
35454
66875
98283
46318
8828
32841
46682
22453
73341
62052
10574
62613
30509
26813
13332
97366
87944
48798
14186
11425
44229
74531
18171
57649
81248
2626
56791
64518
61347
20619
10571
77209
73808
76139
32481
45770
73198
3083
18711
54389
67885
91221
86676
95939
11223
50870
59693
88508
92629
69343
52371
63994
76412
7013
63190
48920
69650
98153
46842
70570
18657
26834
25300
29511
51126
55606
18113
46976
20214
89400
22563
79764
62943
5355
55161
9212
49494
99924
97274
17250
11378
25165
17166
143
66147
63110
69289
15233
84288
60135
12677
83483
92141
28528
4378
61014
85189
87489
96445
38870
8682
40149
42131
80279
32710
54857
81296
42822
44572
48091
53680
75052
97072
31725
79120
78597
37456
34985
84394
32719
66654
25183
15916
59870
65467
56489
30932
44940
70833
97487
85610
2062
13277
4102
63002
91553
93175
84500
92300
2083
61023
19567
57282
18495
55014
2147
99373
2944
48854
56434
68076
70886
9183
49141
15235
44214
48671
17889
68564
12076
47533
87013
6620
3820
72515
74832
22124
84119
16037
32258
9720
18610
59380
85188
46877
91046
54034
74137
42371
76873
63429
91268
95499
7224
5294
93789
99433
35950
26396
62478
31515
99694
31815
5351
78134
3344
981
2142
90939
79654
5663
22983
80777
80809
54542
65867
8972
88453
49823
95112
59348
6301
73222
16965
7136
4477
38990
49040
79833
98394
35358
86294
48059
93096
85047
14207
21998
42424
71547
43043
59763
69899
90664
23597
47322
59864
16609
45546
70064
46646
83565
87790
57141
83431
42073
54692
24556
8321
376
66671
92075
98777
85067
70721
30706
5678
97692
91511
93145
23216
30564
14832
17410
54539
94637
16201
56526
2228
61809
56438
60971
1454
17601
82046
99691
41433
76130
28660
50896
65913
15313
42445
33123
73982
71335
39555
90372
83797
8824
18821
40347
77866
85045
9400
7949
36440
87314
37423
65706
45263
38114
30498
18179
7201
47422
60622
18618
8873
69988
17801
17394
59224
1692
2624
28772
90429
46390
13071
45171
23633
69583
92316
4344
74908
46099
56944
44695
84071
72060
1459
63570
48671
15288
37027
91484
98498
69257
5296
43525
19274
32998
29624
11828
93555
91230
6906
36596
32555
71900
53337
71301
43477
38887
88463
80275
32697
23041
30763
99620
73548
44399
40072
21130
33655
23767
94732
57208
79238
6661
6490
33906
54768
92297
9460
68125
39582
27482
17232
65813
49818
38910
40437
32285
34006
94593
72819
3569
1365
5410
92957
77656
6074
1454
63012
66933
15051
38276
58577
49885
13313
23479
3262
68931
10927
67250
1777
55150
1581
89461
96278
92396
18528
56254
43449
63008
46599
16419
34045
64630
20516
30684
42971
8280
38822
93181
4570
10201
51887
59329
48391
83150
71463
97698
33905
40732
40956
36965
46884
77613
71891
5939
75584
27581
43952
40481
71382
83056
10589
51601
46591
12390
12731
88945
10808
21990
89315
73570
23261
71928
47511
25011
52257
89103
47147
12491
22599
69091
24841
79206
44161
45341
64389
44407
51490
94187
64669
5067
67938
77427
74092
86894
3886
19365
1869
13255
49321
96905
73382
60926
4003
80247
15320
86046
71667
63237
28545
77334
70996
19611
48684
20633
72698
83586
79478
29093
99760
11067
77086
53025
88112
75725
4584
15903
33022
19222
50829
74273
24001
88354
29187
12600
13406
55513
75813
96679
39570
44179
74175
64422
55052
79783
76280
54658
21862
13601
19163
26082
19902
99825
96772
36101
16725
67904
62116
83815
98179
75038
7761
11522
67252
94007
76717
28913
8515
96132
39377
30480
83954
49949
95575
7871
77731
20300
32769
8998
83030
43421
31752
79506
96288
63185
90916
13596
3396
12850
52405
25579
49072
99937
55372
65136
95575
71179
81594
18704
64070
84922
67570
83038
27845
30791
37949
71046
25069
28718
44059
77063
2208
25146
72048
65784
58153
25887
43827
67083
88497
38214
83374
14190
58139
59363
85042
66254
95005
71426
34203
61366
4155
96224
87420
15926
18498
80406
91782
42079
96349
81200
22906
99050
73688
40668
44009
93272
70863
25214
99203
9076
63793
14848
85220
20661
6519
94919
88504
89536
14747
78273
35047
48746
1430
74490
18817
85658
62170
29165
98630
11981
52105
70263
12658
10643
47408
37544
89700
7383
26052
14995
15338
445
38519
87909
68523
82211
71351
42418
29040
51754
16484
11275
97296
54350
31691
48203
87638
15824
675
30321
53297
50133
5411
66824
75768
70343
59135
93313
29912
8409
64925
86530
29787
29064
42040
792
60343
34973
80112
24328
59184
3312
62700
33220
51787
84294
79662
78809
33712
1370
13649
26308
3962
13306
63713
9316
72671
56296
25270
95371
98231
56577
98543
53935
55210
44379
97351
59389
47547
51143
17207
69133
19819
82197
77032
9200
54763
55575
63634
30502
73698
8894
95286
24396
12214
80993
95701
92530
36379
25404
93195
67531
61365
55220
12204
38173
84684
6040
14809
21881
96235
77124
95710
37797
36725
80991
63755
65044
98053
37828
653
7735
24224
43678
71273
90796
29273
46285
16020
47029
88384
58277
74482
44836
83880
6709
66825
15506
44531
21157
25889
10607
45693
25176
99610
79027
96642
54289
28234
50451
71053
57010
17585
97231
45342
23424
93947
97513
81174
45635
47858
5712
32034
66473
97150
27770
44578
30153
17114
99216
22037
77381
47859
18659
45731
47816
72959
55164
20774
77551
92984
34193
10678
78917
90164
45012
29776
8039
6594
56837
72034
46054
48643
10024
54517
18282
9987
70257
48248
99027
26738
18460
60805
15547
94148
87609
33970
85848
32353
82404
19702
77181
96457
20371
32053
54624
42376
17800
79786
66934
38802
45062
76144
71195
33755
1409
73614
94094
5909
59630
38109
26104
2183
14041
76279
49101
81031
96310
40157
28075
89844
41647
11140
61087
87442
64027
69182
80360
8418
37808
9697
2387
5533
91824
68278
33925
96046
37950
7520
27607
95497
17812
19974
2907
87116
62125
75391
39422
27184
37181
48665
48422
15532
3680
35462
40602
53126
89584
92580
82816
5942
49072
54279
44993
49850
95141
24582
26025
54192
78021
25918
42027
52403
27175
88999
99041
44628
69594
47313
99697
4276
21810
69786
71084
65308
6748
68655
81808
59130
43219
20540
71725
84440
73515
4690
52356
9466
69387
61684
28842
67924
40056
38590
55757
56102
41132
49907
3470
32693
77221
70913
89292
58407
88505
34611
25665
60858
99399
31155
2950
39553
99018
94778
50578
39644
16807
48373
67295
25075
49765
46389
15661
45616
29340
99860
34016
24758
88581
7103
56485
16545
34482
29796
20306
70011
8343
2489
17771
216
37605
28710
13824
82639
97176
9457
60019
1174
45702
20164
75512
56153
64311
10877
9622
86038
89972
65042
75370
94488
97689
97310
7274
25229
67716
27693
3687
966
7631
55584
56875
42604
27034
23709
52194
31865
3265
10262
32214
18906
98829
6420
24658
7711
96998
71200
15112
28827
91142
15565
27822
74271
44329
10342
15010
12366
34400
60496
74831
76380
5221
40603
12232
85448
72425
85706
82321
84531
15913
61308
90460
38939
87200
29527
10161
93465
16469
83985
86471
6420
89524
1498
74415
27135
87163
1449
37169
59190
5355
35809
9678
75600
53662
46687
46179
33921
53879
23363
84847
22127
81077
65753
79916
63823
60866
67203
69625
79132
63176
26565
73944
39283
7747
85452
46515
63469
11026
24507
81498
81818
49414
38452
167
54134
56829
97760
24547
48203
10248
64763
47169
3619
18248
54239
76264
35080
12472
50283
64110
96731
51204
58703
37759
96141
88983
54839
57533
58717
40594
42321
96162
84558
62392
72413
7616
42083
25990
99281
86218
46778
51328
31718
25035
41443
20551
76098
72660
63516
67078
82723
33396
2538
81324
64356
6751
50326
53140
51855
80689
50497
46015
53983
36108
13669
98500
48753
40860
8074
48829
62983
9916
38402
7971
15288
39218
73122
35956
43927
50293
85597
8880
70911
3535
24286
50500
73144
5117
82882
43645
55464
81811
11055
49630
70425
4092
89877
80653
86434
75839
16064
60423
71541
69086
61047
29236
61637
61656
33844
20501
79026
86958
67616
57722
7891
68387
37546
36144
41726
23708
14500
24887
62871
77927
79003
61138
37842
2520
45105
27704
6278
72910
29400
94471
86641
71412
82221
82872
8162
83843
22766
38029
77511
87620
48505
86279
52435
92628
92995
82485
2315
8513
87986
41318
92174
83601
88408
62911
25663
21569
34188
46089
37840
62635
76934
52833
82509
68193
22615
4723
46306
9269
53923
1121
9993
52987
1500
83260
93844
37798
27580
74262
3795
95567
24831
88846
17219
86837
2458
72810
96980
25566
87292
36515
4948
65787
29919
6266
86365
79177
92075
16872
52888
62708
35464
56660
60173
98998
83517
44701
64425
56989
8330
14423
34441
79403
1502
84371
87145
90711
64598
24438
8932
75632
51763
99659
5927
49122
93782
97109
46230
41969
14299
27421
31770
54370
82544
30826
95110
85402
34192
74798
68517
16349
7232
21852
22787
42392
99844
80312
49204
71995
50463
24903
48388
65054
41990
7846
54235
29828
94336
71286
40236
40413
47516
17236
3899
30085
74895
51431
9002
77002
99113
14835
26494
32395
14418
33098
20082
35867
58950
59042
54392
38213
57418
13666
42855
92810
62345
21013
84870
17637
24144
81441
25875
57552
95779
24690
27824
90815
15354
27792
49578
97642
84475
85423
4488
72617
94997
40484
91725
56727
70326
25141
15401
99801
94890
80649
94114
31576
70832
25279
84699
20074
72635
66555
85470
93102
96098
31835
52235
49142
16708
44423
46941
98623
68636
18471
88021
19068
67836
34223
59462
41233
5353
8373
49276
7995
57587
38274
85193
84845
83119
79303
70317
21845
47187
4583
58754
85373
65390
17746
11554
56973
38561
44979
14325
72685
30622
4351
26906
44296
27995
50093
36209
85101
87923
15429
86851
77007
56122
18161
77359
89452
922
30416
60915
25483
59727
8873
20722
85118
90555
47901
40967
99143
85222
60821
47527
80535
66358
81626
9580
88626
27591
66404
58820
19150
64776
43338
87028
35449
43090
68920
96810
21690
29829
9631
62174
47888
22528
28422
17668
81016
9181
8702
99920
12970
90087
64435
12614
4706
7385
38206
88574
78716
12884
10295
49937
58424
21020
39752
95810
29342
96559
49693
95019
99771
70532
29112
28835
30953
76828
44737
61065
93420
84327
83706
31408
20857
8215
20304
52423
37969
76345
38701
19076
14763
87093
62379
92268
55920
95234
92195
15841
56256
902
22883
31497
91762
70570
89342
23831
24440
30647
19710
79640
88929
20879
22164
29724
21560
95402
73200
10270
9769
75787
16044
17810
49924
16862
19778
99243
15322
37872
66079
67878
81860
50443
58991
97494
83396
27469
90647
35948
64707
27524
92929
65763
94041
75976
14674
76710
98282
30036
3128
59871
46
86691
3775
16764
54729
7843
92098
99968
6457
18297
18847
44515
56783
17745
73347
62119
18644
86975
38053
63256
92972
40823
44463
10847
98808
9125
15862
55652
98005
54154
15787
65053
25666
27348
48937
53591
41024
45945
21199
33151
41650
11600
13832
26926
12099
42828
76837
8463
20294
63765
64973
71406
69433
37317
58027
86015
55811
28284
35813
97192
45884
40928
17933
49452
94124
23860
49296
40501
19947
56756
84843
59101
20200
48522
12126
90073
60805
7153
58521
94019
28576
67940
86707
99458
77868
93377
569
60824
23837
75615
31363
21128
49123
65001
95554
61410
82670
61110
56694
2540
52144
10502
58748
62446
17408
61500
62277
38234
72250
10291
62113
15575
5315
74110
70874
93417
7851
575
65758
50910
86763
23683
98835
93879
99438
81017
91407
96017
17420
72397
51904
79887
1201
99910
75077
40230
74429
95704
66112
47236
89028
11238
81795
83934
90741
28984
3079
50805
78392
23892
4956
5572
17137
64156
64763
98185
50529
23236
85367
34381
26955
15215
36561
97650
42836
94405
75819
78840
99972
81619
97108
2412
489
61727
84578
33933
72986
83302
22334
78492
90137
63795
34681
22400
51442
72350
49117
51186
10496
29696
94270
52620
14127
32846
96591
65097
30140
32633
48145
85497
23768
72609
25701
94212
54923
34993
48227
62520
12118
82395
771
77905
49809
40113
729
83587
89938
80637
22750
67431
25615
20158
54441
64416
475
51168
66364
46153
96332
78742
98042
24925
27294
25782
11607
7650
1328
26417
80456
36722
60523
77325
58522
74312
57795
61537
35134
23076
10070
11341
4642
90395
79058
49556
23706
71678
56148
99639
31645
6500
46282
29551
27949
57751
91673
69862
74158
3992
80538
55282
2743
93200
52288
80175
90182
79157
86229
18808
2510
80789
69858
67554
53356
65153
80973
47925
2584
8505
87965
43592
80438
31952
54713
3736
19947
55164
42958
27044
76813
81820
98767
52872
78932
60518
58103
56276
28333
39852
51018
76105
71916
51210
10393
19919
67489
14159
73508
68534
3876
47974
43802
79079
96395
41664
16701
16485
50010
60575
12704
56454
89689
75617
85106
82504
77633
87463
41876
93298
14864
42753
92614
91784
12701
73785
11840
47562
43845
37816
10844
40746
79812
85880
40529
39016
30943
54376
41337
66987
48061
14965
26740
6302
84502
70203
76710
33317
30372
12328
97340
58203
62198
5481
99788
82602
99524
48468
1370
93221
44604
69105
37815
31077
59227
81637
12035
25407
68919
67740
61203
13278
87193
10994
47598
63746
72936
36351
9969
76820
88928
38237
6483
96484
56898
67703
76738
35522
6757
42159
80012
7126
58698
172
58010
56156
62413
34623
29879
54751
5623
5136
37838
76273
47632
8906
92305
19108
10130
13055
37462
46248
92889
14841
76092
70210
82103
40447
2251
64901
63012
73120
17785
68591
68402
81215
36937
56706
91422
77434
23886
47774
84675
28409
81134
63864
66472
68624
85601
58617
78074
31121
98073
33398
23828
60657
77883
5639
51546
55765
30315
97126
93158
729
35046
49189
62969
11452
76425
39788
30739
90124
79151
63150
14590
32553
48375
24200
91077
72569
92292
87861
46690
46920
67613
69905
51444
89881
37813
26824
80623
87501
4806
53465
56942
60526
84822
37292
90179
94841
5852
82061
76239
16870
32987
24613
93325
6326
91789
69972
20137
1144
99483
20236
367
1111
93416
25997
80797
99972
57902
86201
16218
25243
77248
9427
5920
88245
39598
84056
69396
77193
32039
15770
19799
16223
28153
30421
15316
76691
83860
48240
97466
31650
27020
57746
25828
7669
7549
83007
11636
27239
72777
11981
89118
3028
56893
17735
71584
38175
60850
14557
95376
64384
2191
77638
33261
33897
69803
34195
68247
33652
93040
30321
26139
4331
56987
73275
14503
96787
46016
83098
80572
14133
38731
17946
23296
44746
47521
26058
55443
41475
22085
7535
36282
50899
76438
42373
22519
90905
20469
77300
43130
24461
35333
14506
22800
31974
89515
19803
93530
73638
57269
21938
13465
60899
55607
50163
84132
19027
208
92943
30172
26099
67467
9474
4215
18772
48033
15308
80952
77891
80540
76234
88832
9971
94519
48848
35710
91112
84961
20966
20322
98307
36832
71420
48079
23525
24978
10571
54574
72450
1870
11082
64735
74788
73001
66345
38187
8505
54901
27886
31221
13850
10532
59690
76142
72120
67306
85014
41320
40421
48736
57743
40354
45085
69477
39659
14115
28751
37375
17496
28226
25067
63423
65264
7745
11978
57763
36858
10553
29557
73428
75935
80881
12947
2384
29799
8168
38290
60770
32081
53650
88017
37101
52844
73920
37671
40904
83060
16215
68084
79459
26668
48611
46147
94663
48596
43845
79704
83228
78087
74823
10108
3620
11732
17296
32065
59844
3863
40274
36660
98371
10580
77601
51359
87371
65679
84350
59959
31821
19178
10834
41577
57665
89180
34550
37500
76875
58699
10223
26083
69944
94374
42583
49922
50951
93313
50966
40921
95173
98509
77168
17490
10961
6483
42359
16995
85439
21517
73313
93665
26808
42594
82293
66145
87070
71836
31583
82572
91341
74184
51555
29950
16764
89417
81678
32603
85123
71224
79912
91151
34935
94333
50597
9184
52721
7203
78746
43859
59597
283
59469
82487
20045
25231
65542
33650
80381
27008
67746
72294
92754
41919
69670
90911
4716
67173
76208
22715
62811
85360
35176
58903
42109
59322
54070
20146
54917
23063
60302
64513
28023
41291
65958
88527
27024
52389
51752
29741
73219
10428
53634
92925
40414
93637
44347
88247
5323
3246
46144
89591
9074
11802
83869
51812
96348
69113
41831
60957
49874
88899
71957
13601
87044
74930
58543
60763
69221
26873
53183
6249
45748
34020
66693
57960
57974
42509
30598
37949
4382
30488
21220
46818
28174
39884
25896
89483
6903
35087
19452
43156
52893
51132
40565
72489
22230
55812
92590
75665
32049
8830
38320
30680
29651
13836
14381
54840
49084
56236
96268
53187
48424
11447
12798
22192
9522
97370
17423
48351
3827
82126
82328
2122
14376
53206
94897
22859
25681
70036
61637
8100
1430
40041
9918
54671
47940
2088
1694
82914
76181
95637
3407
66430
88398
43263
74611
8757
28450
22198
6261
30997
74419
15979
11200
27381
93432
22852
87502
155
52506
78520
69272
43560
697
38509
33197
8609
89164
67115
39198
38907
62470
46108
7958
42433
31571
14819
23110
60773
91169
599
55614
48897
79836
89338
64632
15113
56402
39482
78735
39631
85365
18083
20845
84209
91647
91966
57889
51683
79855
90155
73647
64693
38801
30934
76162
50978
39708
29049
83165
7252
41845
814
83535
62326
593
24815
64996
82808
25784
3404
48056
22233
36325
36712
5766
28948
94154
39921
77855
78921
25968
42746
95607
4230
64700
82870
82809
79538
877
30323
44314
41239
81153
40497
58027
70185
9399
87582
28584
36951
90576
88943
69389
13101
56783
6717
97768
51075
35359
38265
95242
50950
17972
29997
63991
8321
77929
99473
93502
91240
49416
93223
5890
61248
12361
64180
38678
18606
11250
63963
23815
955
65116
61015
31987
32609
51990
51924
63991
29844
31875
77835
9638
48047
6814
49080
13270
99482
83614
38458
45109
69910
41300
52871
85529
6693
33489
90889
57588
30553
74373
56985
40870
83543
9346
77494
3340
70950
38239
38306
90135
97850
88984
36474
93528
28664
8947
64528
73815
82758
90141
49638
59298
46897
12243
94760
49250
58041
56989
4551
99658
19613
10196
20590
36585
70910
15812
58819
8671
51635
51821
76763
67275
75017
30979
66810
76387
14133
98582
45927
74909
34871
50028
43112
58026
62156
7561
37086
19395
67440
89969
78047
18395
90190
64292
43500
61844
42983
7144
35823
52461
20282
53477
74868
60153
53013
13897
37664
82379
10553
12652
58898
31981
53795
31213
79572
57392
59932
94779
56221
73310
70431
78417
60199
69323
89186
54457
57289
93162
82627
83921
70480
3740
86096
15434
49823
643
64371
3981
7391
23860
73208
44888
16580
43531
90429
60614
13215
16280
65877
46093
35513
70840
77176
42785
45459
97151
27723
36118
75863
83248
56135
81122
54874
8943
52169
22177
88496
52013
85685
73138
1804
86851
57224
65183
17107
27003
53273
30810
56764
12423
66058
23714
93702
85140
95729
79461
90166
55001
23549
84063
8203
97514
86664
44161
62944
68522
63864
4749
23389
94589
94705
58238
93210
17595
12635
31844
27122
78816
97099
95340
31807
73248
87536
33183
53016
31480
221
2657
76932
61056
56878
97721
55353
69564
68120
29841
82358
22898
68050
68659
66361
47605
8666
19155
31198
70272
98405
61836
33044
40639
35559
61730
75837
52391
91515
44967
1347
1254
82031
17593
41938
54549
19856
75592
44181
44522
37421
75957
17392
36745
68394
75446
29367
99899
60164
66327
74538
72151
73564
41082
5679
89820
19553
22175
67306
8161
90078
20511
61402
90211
96830
70577
86835
56478
93943
94991
98227
37559
68954
28531
86403
76278
77045
99611
1069
23953
21571
65037
76725
15298
25522
29235
48917
19707
55886
14663
21848
78608
22670
53738
23123
84723
9051
61197
68027
78718
53625
95539
27079
51336
62003
55918
73955
17562
13319
6502
28685
82427
85227
76504
88976
16680
55387
20859
27195
9535
44513
56350
12190
27738
88863
51597
46592
89434
15899
47762
68671
19609
48968
51607
34597
55809
1325
20554
93891
64187
13236
21914
37485
34399
39345
95838
47697
55754
20588
82837
97173
2446
35950
91016
86253
35491
44644
46411
62806
33083
21619
34978
84530
44435
63576
12032
84032
43302
77978
35691
92599
12316
20655
88060
37279
19615
50631
6658
15884
29518
18137
99141
16280
22122
58217
6888
78139
58861
83922
63625
95881
13819
54805
16514
76201
52369
85982
32561
92686
98778
61296
65301
28628
10625
56557
13135
72216
24224
26275
83528
41684
34103
37782
8177
18998
64856
65830
19492
70139
38686
69085
6890
13933
71742
19639
19927
47767
73590
89134
40975
87233
76195
20418
41676
23309
98446
2625
90903
84620
38982
888
62003
34429
47465
94166
47482
8387
62939
40089
43103
9250
59321
14072
94771
37878
70120
59340
90115
79249
91239
56028
93054
37647
90051
13315
24308
7862
73384
77440
11993
58607
86357
49978
21897
79836
91464
41454
92902
80757
56185
95063
74397
43907
21283
98264
51271
60664
34652
713
38667
1833
26246
29787
14049
51786
63966
3370
29297
41508
53490
81694
96153
28693
89168
95678
89101
34308
58553
68850
17689
45439
3956
16626
33890
33459
50431
177
29739
22535
3296
94560
35508
39478
26873
13664
47356
48583
45402
65448
49095
73226
68913
48590
32570
31698
20700
73590
99683
78537
83263
29525
66198
48789
52497
60032
34034
25029
69169
11030
6947
16855
15894
6374
13600
15306
8547
40767
52212
57306
59161
68594
57242
76413
15399
81510
8449
92825
85661
59192
84431
99264
67614
64908
63874
58698
28308
13236
39697
54061
87837
71900
47026
17371
99907
33712
83253
38841
45577
77355
45069
99191
92449
11741
58158
94480
2682
13207
12945
20448
78839
35222
79189
77501
78363
96970
56288
84147
1280
33218
89892
12256
9064
85078
80860
68745
59466
57489
77717
21559
15054
66937
73642
89490
38836
7099
83559
90168
48365
86872
25583
69657
25549
55110
41177
59634
67353
48580
37301
75397
75771
66303
59053
57425
1364
52794
40870
63923
29713
54557
90150
29881
58038
20508
81807
92959
39190
80098
35817
42280
1285
40475
85694
47226
99781
31035
25695
406
14652
66446
20740
73682
16839
25117
30513
21557
18407
73786
13140
21263
34458
93256
41866
28114
60229
31241
92705
83409
45037
84293
47128
44244
10373
62036
42563
67093
56833
30601
81387
84986
76553
4828
68498
76143
89961
16850
95060
95391
40357
30762
75753
48495
23594
39302
58311
75191
66272
88148
82692
85630
17243
83769
81849
33745
35569
1017
53890
95
96486
20165
76961
43060
74594
77249
96739
82960
15780
75312
92506
78500
89809
88543
54474
776
50309
46540
12799
82427
29897
26769
4315
92440
27013
50512
56526
73234
60845
66972
81310
72332
2295
96641
77286
60248
36621
19922
69338
8777
56574
13485
94696
87638
73583
32141
66522
49486
24270
25324
23256
37651
66887
82611
71211
78581
26799
11039
35804
14348
27262
64210
52475
74128
82490
49619
50940
26808
98990
25058
38619
12814
54233
79868
51648
97900
31811
99176
96158
8629
41098
8348
2261
41298
21851
12431
88247
57031
39869
58939
96968
9425
37319
33838
36542
3167
52401
13838
10792
3818
58919
82118
6027
5843
43354
49778
24423
76727
92753
84931
76601
2801
71454
65167
12922
10764
43499
52856
61828
15811
19794
51255
19412
27064
79340
31813
66090
16333
83905
33734
4270
75682
4350
74482
60910
61387
5157
56929
1250
48845
56926
41747
3760
31126
38987
12281
21450
60246
37242
30499
4501
62621
46835
1607
26405
12883
21265
77898
94469
15726
98286
83759
34770
52819
44886
69594
26663
38380
10974
39839
49427
4994
1421
18347
70758
19927
61688
20974
12171
1667
60876
40228
54319
19146
55876
9983
84480
87030
10011
44403
14032
27029
91515
20893
65465
29873
20244
58865
99450
87912
88328
32286
15904
92521
93411
44448
21696
20426
82088
6242
79104
53800
46662
95054
88501
19419
41513
69139
40647
72437
5645
79346
40625
30296
68366
23749
7077
55729
26138
45771
26988
58869
13064
48468
83755
96950
45858
51526
38785
80706
75326
62538
63629
86936
82827
74998
49964
94343
74566
60504
64416
41573
39371
22235
28140
30249
80009
31161
2523
81062
83086
32766
30849
229
87586
14100
22618
74590
96880
26288
50606
95410
80671
46009
19670
44935
74303
33104
37336
60257
42910
10336
78573
77594
69850
52388
51204
13598
66673
67375
95520
32165
59124
38140
68828
47789
81626
8562
80559
76116
13073
49363
57386
44175
27247
21794
23071
86474
91814
63951
38651
24477
76694
82561
96660
70343
32509
13503
63230
31401
69193
99418
63350
44065
82606
13594
8130
93089
89939
52995
55440
2956
69319
64803
26458
62509
34161
41467
95915
67188
71269
98504
97724
13134
92210
1038
12727
77696
21784
54432
59069
81023
51287
15662
51843
56399
57986
57163
36726
31093
52531
9433
38527
5595
34328
20340
55682
30337
70251
99992
69376
77498
97727
45103
22301
83274
40278
90267
83324
87161
78927
95260
80326
15028
85053
69279
3433
66689
60979
94148
71069
44797
60988
91306
3010
98325
81703
20217
5157
60285
20927
92011
48929
86735
8856
54904
59490
89955
38693
96476
78118
44711
98279
78759
88796
51548
32
26530
58510
79086
29158
2457
32794
33997
41811
5097
33947
81324
75928
16070
17032
23766
18418
29417
50802
10248
82965
84406
78385
37614
58244
78086
88152
14686
40995
94325
35396
26059
28196
61705
15252
94151
86653
24189
74610
30041
42203
32298
54064
97430
49296
77681
50766
22079
40743
41895
38904
31863
10040
15133
3595
68192
45623
23723
88280
25169
81703
38233
62625
93685
45196
42442
11809
81538
13342
37989
24232
40277
45690
95361
19908
96231
51858
34476
55547
31790
94212
22392
85813
14739
18440
72291
74230
2699
79778
57857
71689
28084
44376
97320
86168
25742
44030
61688
83319
69811
62605
15749
57377
58356
2770
63938
68571
96370
12450
13260
94644
44182
46411
55568
32366
22285
82694
31386
35542
70500
17993
92219
89550
93819
74905
34389
93677
38569
15644
56263
59516
73869
78284
74672
29057
89772
60584
75937
98296
58955
54500
63044
6909
28042
93665
91171
4007
56411
52376
93014
88718
70015
89871
62957
13709
87868
84654
64342
55395
32956
16683
10443
88115
90468
5505
31931
44619
45135
25855
86291
17889
26471
88317
61641
16441
6656
28042
65797
60324
73137
62081
76428
75235
88207
82937
78987
2601
14696
45179
81084
68318
49497
11471
27896
60415
76621
69871
52793
7331
77618
23069
10411
79065
67129
60048
72879
81293
52458
89770
22410
52297
84706
49893
15856
68408
2442
8843
92553
57510
76341
57701
95294
63139
85493
97355
52163
84710
83515
64986
17696
91246
24617
4164
28061
28548
74038
26178
22057
26812
34269
35556
58119
78139
35298
18600
26550
99506
70051
42953
13692
16648
2006
88207
33646
79318
44133
22532
26558
94603
73314
95783
50082
54128
42632
71705
71229
43110
16977
84693
36492
63307
63950
74077
38895
28604
32422
39983
71697
91060
87693
13718
26774
55923
70368
26365
3617
99162
92379
21822
49791
34066
87703
10041
97779
61196
13667
51680
64863
31523
48990
66383
20651
73886
10095
88441
58902
81
53793
5629
50006
73795
52894
14488
38381
91051
23014
13844
19754
51923
5868
61277
89241
15775
19437
34772
73257
14343
93902
96125
71735
8767
67474
97267
98268
53911
31285
52860
48528
97151
4231
47863
51449
63587
28072
46865
76308
73780
86940
41718
24446
62438
53324
98853
6304
37942
2937
55517
31061
77700
82941
88211
75706
47838
93600
55750
5393
18749
58132
91017
28913
84680
35469
29215
99085
69206
43232
72038
1663
73106
86295
70121
43121
16951
82447
4857
21160
5242
20462
29431
6030
70311
55460
89736
81690
22052
42717
84554
32190
65010
11231
61350
80589
45745
66919
32827
42695
60099
64666
93658
90338
61289
48715
67921
11927
8073
83688
51295
24198
79313
31105
43174
68550
28118
27894
78494
39565
45077
94844
97381
50265
65498
84268
82133
76857
58271
16519
70446
89434
1420
4202
79507
92978
25117
82666
87217
58083
78689
19021
22616
28748
29566
97125
69998
77074
12914
85641
7929
17478
14037
5201
54811
72371
1306
97614
1723
11143
26548
65251
78781
51708
45333
43524
67539
82561
29138
18570
28940
5545
30530
61297
64555
50352
15461
67694
73524
80390
56034
65423
74911
99097
66696
84017
5998
44835
94902
17080
92251
43821
94998
35503
11435
33950
91459
31740
76127
62245
85900
17151
57737
13215
48049
16839
39899
61925
36394
23505
78010
82549
20071
63582
28018
48507
63730
98127
12196
94363
13073
8576
35643
6526
71527
52158
90268
16503
3578
99910
80442
11761
47343
76156
91593
71159
17777
25924
34923
10047
60209
49857
46951
41204
40616
81288
63831
13502
95767
74560
19712
52848
87215
6968
69565
25934
31245
79172
66804
31225
11837
97878
47754
77721
52255
8085
57106
84102
99463
10013
41952
72562
55806
50482
66524
79542
55207
64866
16562
96536
33756
44151
34823
71158
54422
75573
76646
6929
76938
79126
59416
68793
71217
64415
497
84241
45825
26975
86791
74559
58103
33348
8926
44594
86134
57145
53727
47984
63240
32096
33799
49595
7875
36200
27995
61856
97671
41483
27962
49692
85572
95431
86090
73962
89145
52375
72852
5709
18775
93613
49324
9719
47748
78606
30505
31284
54331
106
65587
32182
36624
42678
14778
51197
40465
96808
91010
79971
43304
23406
59100
79009
24126
21036
52849
23458
91130
72688
47927
76226
55078
18868
68998
29730
37970
14895
8068
87179
46738
1400
71420
29020
46914
54680
30990
41905
78570
74602
74336
50930
86525
2642
47665
20086
84155
46392
25166
28306
8375
91488
51966
26595
82898
23558
98232
83379
95878
52763
83956
11402
92575
83703
38751
48789
43203
27034
45800
41964
13203
13795
59159
16418
77961
84683
23357
73998
73121
88255
2215
98673
68821
62425
12812
43523
81280
43866
77414
32479
90660
38726
26365
24071
87782
18363
33215
72789
46487
57071
67340
92864
78094
47334
11565
47527
20017
91373
97732
37757
37011
15990
57759
35025
40983
15888
77286
38136
75602
89506
15092
96346
37327
34915
90371
96598
4716
87129
84960
51570
92897
13165
11101
64675
40833
15623
85829
75829
89688
70732
41002
5783
76213
60592
34810
96263
68642
26809
74576
36693
5134
47442
4551
15927
83115
76616
45962
46889
78579
83045
65254
25886
62598
69702
68769
23783
2414
34395
28099
4319
74947
59355
80402
70705
72555
35682
72349
63366
40089
94088
22190
64271
61110
58494
28034
5195
94717
76552
82197
73973
16192
77874
64182
88302
6601
4464
3098
44386
56474
2614
12844
58298
66518
27888
27362
83549
62424
92159
54987
47299
29985
497
61572
1592
49744
53947
15594
9609
75593
92598
60137
88335
14200
43156
45843
81973
91950
47389
59725
33223
9770
30602
61443
79641
32404
42589
60828
82449
55650
17531
90920
37714
94013
11239
1685
230
89278
79517
55105
82663
31282
76839
43786
32618
97725
52255
39233
78440
95770
8098
77981
34538
91265
88077
28140
77361
47809
99287
23045
48032
43852
3499
49304
50630
3442
56768
28742
3660
35750
66743
42445
53143
66685
84272
47100
65338
21300
25352
2853
21531
32145
91283
400
8032
93538
23347
33548
90742
56866
467
2304
60030
29402
72674
91328
82324
30596
88847
3771
12221
88074
57149
31889
10477
64045
33923
22530
16723
39298
66115
94178
66625
49878
36132
28392
41755
33619
87951
34694
72283
57051
24867
48274
45983
56432
10037
60707
27600
8822
51687
9976
19343
9264
88291
61266
80798
9255
27733
34817
74857
36745
61443
96508
73455
6478
12809
80394
54353
95190
94101
22494
52405
64463
91164
88768
16695
60562
84343
67877
6157
27020
77278
40768
8022
8730
34462
59090
55678
33454
19962
59965
13136
47887
89244
50679
8729
16797
26614
94298
81301
43057
32282
8600
40312
87330
10386
28140
75547
75396
6972
907
51456
47723
61190
19353
2212
22478
9282
77399
26049
82823
46246
282
76957
37014
52803
25912
33106
10597
79199
48700
17787
743
3409
5081
4727
27545
52537
50906
30909
53962
51801
95511
91325
25143
66356
73445
62127
41807
73890
55621
87034
42037
5069
44732
64546
63268
12491
11874
34479
48429
2872
63027
60055
347
11150
77124
9031
8664
51012
3216
67955
32456
6849
50032
76599
34195
52604
45320
83497
1537
54194
28382
47966
33085
62402
41574
99733
25948
71112
70009
80196
79127
51956
81892
7165
28243
1510
21277
9916
33826
86633
14128
54384
7042
23433
64919
83267
30308
19698
4168
9928
4167
81959
80712
95072
49507
25115
52797
98857
12033
60367
53250
93572
71975
52777
21971
92033
44914
95277
34952
43145
80828
44058
29343
91080
71197
64388
27186
77109
34669
78026
28359
45439
68967
79540
61638
61238
2474
41322
86245
80563
22329
13651
68639
87716
57794
41513
21348
89240
33340
55157
25930
5539
67369
47821
50145
11151
66107
64263
4900
55616
86739
78072
40970
49282
31460
82925
79772
64785
51350
82085
74946
16901
83463
89033
24695
56344
28332
46217
65851
70357
35989
23765
47718
75006
33326
70740
82905
74842
73377
39525
99217
85113
89497
22255
78741
47302
4322
10311
77423
20744
62444
19230
54264
96500
5806
96804
39915
34483
60936
87517
1499
36044
5888
49118
9504
26797
58606
20069
32173
63771
22675
28978
10237
44084
18180
66373
50764
9213
5029
67093
97378
88429
50352
17226
98826
96341
9012
91672
17793
38186
34234
90777
74889
10129
29955
48294
75485
20517
69102
48850
49599
3752
56150
31363
42157
1956
9175
87053
79667
24189
92081
30988
48345
9749
34917
53885
26461
63707
29948
4122
17564
70353
52743
20721
10633
95992
99105
89409
58912
83354
23505
45008
11988
19636
44268
7755
54948
49374
43223
89754
81581
26008
53514
57215
14009
47347
60655
6059
10965
88506
78122
87358
56864
7451
46131
89145
47551
11285
16030
97281
85389
82303
6460
74579
71536
18739
89242
15742
57223
63926
57831
64545
79551
20292
38580
29218
73317
82652
50035
62280
63765
7782
75394
68822
61073
35997
12001
52389
11918
83069
67998
77437
71016
90729
55410
91983
598
40889
96229
6513
27384
63839
92364
33367
39373
88341
5235
64042
35457
13764
19221
87816
4291
96819
26824
953
60916
17098
96854
52969
85947
8706
37317
61894
598
60268
55416
17016
28779
18810
17647
21015
59613
60654
89386
96014
87930
96829
29035
28651
84177
95007
42136
78303
68417
41493
22976
81912
2156
71832
6101
28952
11434
38810
42231
24242
20698
56251
38738
62529
19828
23371
30685
32677
54489
34454
65156
49371
53964
86001
46080
61847
20442
59968
99009
85921
21972
15457
95373
28393
7325
39960
68611
20328
37695
62424
82776
34741
69240
45643
66851
32608
60978
51870
20628
56494
69041
75372
54622
54418
42277
58054
37238
74436
45247
88092
16627
99553
45024
7754
30453
159
78476
79617
13955
26763
88318
46960
2605
48225
16181
34032
33583
33063
41164
82953
15606
19143
76840
96708
21789
80263
79434
15086
82897
85798
11844
85574
29555
30197
72168
16900
75035
91119
53852
73029
36890
76823
6794
64023
1048
19469
24372
4189
36219
70668
74372
27391
76233
80995
71170
47026
13765
10413
27487
64543
73461
91536
99885
44403
2244
3183
69009
48227
47460
26860
5585
71321
7243
17758
20968
86335
81278
47562
41625
36391
47595
1185
79168
43604
34768
84566
80131
12105
47481
56890
18247
35852
8614
65654
89791
82999
84683
84580
31936
63227
91186
8587
9552
81840
68923
14869
35420
52318
83299
64110
76488
81249
76290
78715
87010
65405
27534
5813
2800
99518
3614
24001
70055
2922
68681
61101
11869
79461
28940
34537
24086
91904
17706
30815
36123
7136
49741
38736
91722
38246
14667
56109
88870
97952
60517
4782
72142
96364
89449
48211
97579
60228
55063
61717
30755
50539
40160
46728
61068
6546
26666
43856
85562
21031
40976
45468
14968
13882
76710
29315
58517
28877
53467
26970
31670
26776
13623
31567
28522
81815
7203
5093
20539
12944
88168
68716
48447
91908
31600
87900
37422
39122
87369
81166
77934
27170
52104
50679
38987
51573
69450
80610
89474
30246
81717
92233
7260
77949
56125
10160
17368
63824
56578
99358
32289
52662
38359
17720
84799
70346
92701
50940
68489
97944
21294
37783
37592
14535
18262
42339
89462
33859
22716
85857
92821
80934
91038
846
25917
89378
84890
80389
94461
97453
27337
9682
42275
12906
85829
97806
43558
24688
7404
51228
90176
505
97661
19646
12442
85033
72799
72117
34943
4249
99744
1395
86994
36319
16859
21950
9916
82492
72243
87428
26301
929
50492
53974
50532
48639
67545
62658
5146
36970
57503
5009
58616
29961
89273
18713
9336
96796
60389
37408
51337
62570
98363
91182
49629
6023
30414
89933
85117
52350
58827
72672
86012
16161
45854
10269
77800
48970
63733
44840
60093
16780
92956
79566
40563
27483
61670
15067
22968
69365
77165
8568
50329
46859
76977
55396
70905
27856
8348
65934
83620
92349
72615
58700
85277
84927
55605
31356
29588
94430
51645
94260
15859
62218
87173
59687
98359
88228
95817
23895
59132
11942
80347
6322
25234
86704
71557
70507
32939
76720
76458
73973
68502
18605
8970
92158
6150
22832
32740
9414
93867
7568
35702
29818
35202
92121
21024
96145
20712
62488
22630
58723
74058
47365
58260
34689
59896
32140
72508
98965
26231
81082
32922
88119
18678
10690
22393
48008
1593
39753
79055
19919
92849
64468
57475
19022
98860
24075
80751
8832
98984
25866
60224
72209
22563
42788
39034
42074
2191
88597
39705
44951
59457
88866
76498
76039
52200
53935
91896
55232
26714
5213
41786
48268
84746
50525
34889
85252
99798
54518
84600
82599
65661
7471
10172
60374
91470
5273
76051
43536
16923
7260
64833
94213
57261
22685
65141
77241
60625
30792
85482
4024
56975
512
41545
95664
83131
58912
81260
24751
76228
17325
92541
52346
27370
52538
89181
66406
39950
96663
2881
69335
72513
67032
2711
83603
65854
86365
79590
54050
98163
64707
12723
74437
6266
10118
22432
2320
97351
69777
2607
55045
12666
64612
93764
49997
60084
24833
39912
93174
8774
80659
68746
5476
70596
10011
82624
5653
48505
77176
19275
11862
65556
60210
9144
42747
28192
16163
39107
13439
21362
19299
42102
52952
61531
73199
93615
22485
2654
79957
58976
17208
87451
27551
90640
31594
62249
55993
90527
8255
37890
289
99398
24839
63192
99306
94237
80334
17221
37868
96854
15345
27265
49483
51846
60509
98189
22339
76420
11622
72268
25613
18538
11392
66609
27249
18681
98014
37938
83080
98553
31269
11036
87052
49533
30891
26369
13950
77637
44754
64109
35699
59421
65339
56310
33341
62723
11304
33010
17234
38822
54035
258
87355
57929
52772
97323
14683
89191
16499
5989
70938
45265
85402
73965
31853
64339
64790
26037
51299
2452
45082
56476
60462
97276
36976
83800
29868
65232
92013
87694
65586
95225
44880
73476
28596
34274
20823
2991
3507
52640
92061
28422
63011
48748
88148
32439
52920
35660
93275
69911
45869
56880
21468
84597
36304
34455
97445
30504
28877
53810
8000
44967
65334
21056
54322
41303
74220
77721
66380
14495
77452
58502
50225
92471
71257
55981
72805
7007
84289
56875
92078
3660
51759
55674
9643
61533
72301
3122
14829
62444
94804
33068
84117
31711
96370
70017
56844
15646
41270
20145
20089
59808
13882
82271
39939
75966
19950
3033
3619
50505
60893
23094
4804
75991
30
22616
72474
62936
36889
64018
95580
39079
67668
3875
36864
73596
7098
27263
80626
69278
18535
63054
36912
40405
59346
56558
30053
79198
95542
66260
2368
60792
34815
21840
92784
5692
46958
91886
83774
81193
99241
67321
90247
68093
93826
44058
63509
66783
4962
87518
53401
92569
9810
86261
14759
64004
55558
48119
34285
70779
53830
89729
75409
61362
99131
17693
3271
47167
83922
12320
77260
50198
15247
12108
91042
21170
81170
70838
53512
4783
41823
85474
52020
32213
20396
28458
112
15055
35628
86141
11503
28922
466
1764
54058
44473
61157
12961
61308
23333
50751
86928
82358
33505
60321
80815
99551
27435
69655
95994
16908
4143
68707
67471
46616
90230
41865
24912
65888
61435
85174
85510
74366
65886
43246
9603
53663
33106
8817
84064
94403
71473
79881
13413
8817
34063
47058
4999
4532
75051
57094
97355
85942
21762
70948
48169
34008
68478
67484
49771
59947
86316
24634
59701
31790
49739
70573
34111
78724
36256
4403
93950
50065
76583
45859
12769
99921
67332
49462
6102
44309
6839
91218
81132
64475
69165
3509
44980
82056
91699
65659
1025
27717
87046
56459
73934
81268
19974
48868
86142
77517
41289
26176
14815
44249
66731
74594
89704
1802
54083
15809
34817
62901
76881
49713
78818
68877
83796
59530
61012
61373
45240
6039
55475
36290
66508
798
22549
6083
73394
15335
68484
79246
34223
2762
92263
37264
44962
10777
15743
70544
62129
55368
83565
34408
81023
21109
69521
34945
82810
69879
62125
6219
69297
9063
99079
7222
75139
61477
46638
22383
58323
55081
19444
80698
22487
26215
54362
24233
66863
28702
60489
24310
51378
9981
66748
15715
35780
40946
67675
96171
22949
3217
55331
79108
55267
97213
43649
50804
10831
15062
43197
43725
37197
39007
98387
95303
16421
96234
92956
184
21974
32067
80171
2450
14986
86934
23188
49209
9125
57725
19847
64511
26551
82602
43066
66494
80369
2414
71748
25394
55028
28323
65478
35729
43013
15228
45604
4519
51612
4679
10001
10770
93564
66364
68809
36919
93021
23846
68087
93823
21701
92490
85143
96977
46357
98840
76918
23437
95327
11629
98773
49154
64822
674
43789
66189
36861
10325
84140
22576
33506
20435
50621
41130
5892
52958
33958
96088
14926
384
52715
89736
79784
93613
6480
64725
47395
25902
41947
20420
66674
15759
28632
18618
84888
18662
3158
12600
59324
16830
48782
94356
71897
14560
17540
90389
66194
52093
69671
57226
30851
96475
22674
2344
45970
99673
53
95391
76708
67680
2093
55511
37516
29448
81327
63308
33663
17188
48613
50659
66595
57835
18639
73928
25126
34852
90475
69830
61450
29357
86735
85954
88126
31912
51186
65300
10792
83075
68362
44962
50174
37634
45361
13947
77523
1611
43073
41773
56527
85486
96382
31012
9528
3247
13363
87168
95788
55281
43252
50225
15281
54849
72834
93426
98499
70716
69070
2815
80044
50814
31445
63028
78099
69768
41033
49667
51371
42157
39248
90033
89707
49017
23653
89806
64702
15999
27549
24080
39921
7549
80356
3915
85162
36622
9990
51439
64984
52172
71625
69277
19653
9631
30711
38503
91559
98983
43834
77796
60054
8610
15424
76844
38361
28826
33438
78294
92057
97070
59601
17100
93111
85627
91327
57671
50585
68583
72860
67021
64863
24971
73161
82595
94228
55610
20182
36848
21984
68978
62952
87185
15130
59869
88406
78674
99963
23972
50573
26255
77262
44113
95124
61672
59139
3488
55402
9498
76131
32802
84331
49536
81629
38861
67345
42149
32351
9923
44790
34116
48769
11420
76120
33086
22299
49747
39926
96087
20118
26155
83767
77294
51584
45372
53962
77527
17433
54750
31303
25399
16426
65328
50068
4571
87414
6694
57220
9654
1897
13613
6075
28021
3917
36315
92204
832
96027
40472
64003
20655
57198
69987
22558
37830
29203
65187
73526
43055
58461
43755
31867
94418
26837
74536
35902
51156
74350
89386
38216
54506
44790
68524
16839
27608
39049
93634
26154
13162
67168
39615
40609
45165
81286
66400
94663
83499
36491
3161
88476
19426
70642
87737
30987
51072
85221
8508
91466
85886
23848
4109
16224
29333
40043
35382
57665
18049
85913
93318
6100
77744
21613
87805
77461
91655
32900
8183
62007
11954
13453
92082
64929
67942
57085
68414
24569
88757
1184
89409
61951
99308
71977
86212
98800
95564
73387
98141
24267
93348
95616
67609
74575
60103
97350
71750
30947
97199
63178
20282
9840
36718
21596
53156
63721
53357
85602
76685
23819
73251
87337
82442
68127
77587
45461
74369
19548
93667
88026
83606
74825
23924
87715
38929
23776
80387
99984
88045
76942
68475
84797
86015
90903
9204
3836
91873
7255
93260
3141
37562
84291
47200
50756
31788
56238
52648
62960
84058
84680
97997
91036
78132
2752
12231
28967
13728
55754
21079
89230
81351
26171
61373
91776
16153
44433
23
23794
47422
77296
40599
32553
42682
34567
18336
46453
61947
14289
72189
88734
87906
20056
65374
89942
87020
9427
1487
52749
16476
13136
38423
228
647
60525
45738
33401
61212
55744
26699
18753
70158
14455
16034
82836
68703
7994
38678
34689
47946
60076
85479
33346
33421
93232
68266
3179
90994
86023
68674
28284
47736
32888
70327
23254
46211
75561
95158
77162
68508
92554
69605
1197
34374
15921
53313
10888
32223
39455
182
83947
50959
11970
47130
77825
49360
64916
39942
98847
74297
93408
88882
66743
67913
3300
29740
98121
1965
13138
27285
44056
76750
41617
87128
57658
44538
36769
29064
13097
30573
50748
39605
94104
73723
47799
40426
90143
25949
50024
85990
9239
53654
53025
18517
64577
35905
13210
30986
50624
58553
83885
38395
45479
12004
95067
37305
59661
44125
18444
40203
81021
55613
48148
90630
63370
93957
79184
29323
17984
16458
60976
24157
90005
27901
68559
82557
63615
91670
67965
97796
12863
19900
61565
19292
79899
35668
69770
94907
59401
19812
42837
12925
8902
22339
10474
98046
46503
23231
66801
2961
90183
10729
40464
8799
53216
79425
58573
78783
82965
44634
83152
71598
81835
18730
69159
83692
94647
73681
39908
60531
61042
6371
42465
79444
63402
8851
72996
77295
69362
56413
96381
45071
59866
46416
61996
16353
30585
43447
87231
55247
85926
87779
45081
88925
31078
33815
18607
77950
25728
85167
88108
48788
94989
3277
5428
98882
35979
23713
32645
36080
69328
13877
83065
95899
23547
79602
18024
64470
43302
65587
71403
53761
98584
82980
47131
53412
60599
46998
25912
85032
19098
28674
2501
50258
2364
42967
69169
84285
28557
19266
52849
59571
10307
43449
85544
59143
16527
72996
43144
26770
51082
92680
36786
75689
99885
24849
78394
13399
48895
34652
63558
95356
97257
33246
10581
74433
51398
54453
58076
2711
34422
34217
85899
55788
19826
11357
63023
95753
49657
76216
94064
13962
93353
49995
15835
99290
28810
75839
20890
50475
10564
19036
90174
53647
56368
32504
6143
80887
35084
78586
95418
32389
72520
11114
64121
99183
39070
73047
62097
1107
87807
60132
44517
66929
56839
90064
63879
50186
30322
43360
97183
73619
5065
1259
79140
72662
25045
40034
31271
60613
49812
93147
22639
13083
80520
81465
24926
16145
74892
47449
9971
18106
22531
90458
4233
50780
86217
38602
15165
41611
32875
81002
79405
56996
69298
37789
11867
24803
88250
69554
53296
20065
18785
58763
13118
80557
30458
56554
86430
72486
64769
3831
39480
46226
68202
6352
38401
93566
57650
48526
89791
67795
17527
80815
14087
16049
83107
33158
88263
64139
5571
61787
74784
17246
85719
7360
24107
67215
68546
34961
75197
80832
11008
72231
4101
92143
68695
56505
58354
24076
6087
85647
58801
32532
51323
6053
24755
31022
25889
25273
28910
11842
94614
41649
11450
14961
47674
67787
10428
83061
61219
1315
20895
30134
97102
97274
55582
14437
62128
71049
98270
90777
37450
36931
43832
16419
10395
33215
30324
3120
17071
3274
83729
6620
25109
31208
99330
4365
9103
17635
59986
13779
98051
39858
86728
2361
85902
80999
64389
73384
37911
58261
95818
61593
25409
15835
73015
42805
36507
81714
92207
94571
45810
19887
79543
14796
12742
25653
2588
12967
62457
4922
74708
66428
19140
41140
64892
58495
67236
5536
51841
78604
19153
55311
56923
4833
9391
93998
87795
69820
81438
89328
93574
54161
2796
99834
41409
58216
54507
26922
88940
13746
69884
79621
89635
30374
97482
5276
44287
13596
74772
59258
14100
90852
55618
1933
11891
34596
30009
28110
9776
93709
35753
38799
94494
86424
33987
44640
69206
83555
83912
87517
14518
38850
20541
62360
86502
5955
13115
38334
23125
13858
97603
10089
92450
38022
21902
2722
952
19094
27362
78544
72945
96476
61760
66689
92187
61012
96442
19028
71639
51344
63939
97505
16606
23340
7231
55654
12766
28264
51417
63535
62979
86408
62963
65920
33553
17988
97240
45058
87628
89932
15118
25064
12154
90364
61799
37852
67841
83960
68790
28043
90091
82756
19966
98058
13928
8227
64198
41380
80658
25962
71177
23681
71371
74719
46379
98548
67042
50259
30405
38369
52469
28762
31937
90633
6289
70179
81537
53107
73140
70776
65690
48729
43411
5972
8574
87244
94680
20731
4119
57253
67908
77083
51535
49354
89330
79485
22124
87416
67451
63528
18937
78195
92598
22194
17728
27720
43095
29732
1428
22522
7128
50601
88682
14161
15382
15026
75367
54236
66834
46537
16244
55774
82136
99888
90447
52924
27612
85110
20988
28770
86304
48373
28184
95117
90930
75851
36430
63640
51282
37074
79522
53670
78066
90430
97386
21224
77590
59059
52445
85644
94298
48449
16579
44067
32595
53277
31084
68205
5997
7997
11998
62723
35828
15055
20902
46721
38383
82198
70799
10286
25350
8450
78672
91017
73860
32172
35327
25330
91447
27691
39235
87698
44404
9749
40968
89832
41656
43318
25292
36048
24906
48710
11574
82098
59196
12682
75718
10789
42096
14825
16551
94526
83094
69961
34401
37593
68435
31526
41516
87810
76446
34094
28638
95009
72197
71132
39269
73600
16492
72046
6737
17338
91029
14981
47464
95649
50491
89946
19933
56108
88536
40024
12027
91355
81255
5369
3387
24009
20324
95232
33013
14029
73903
43248
30994
11533
66991
28807
47040
76287
46035
23195
99232
51933
6100
30352
15513
69285
79446
48050
14703
45322
90733
5749
36398
43130
98428
24327
18016
61645
70713
87439
75134
27815
95181
97892
39587
5418
82903
93484
7356
25627
87056
43024
89468
45007
97097
99192
25804
88977
16848
37096
72800
68243
90386
84374
94340
28719
27066
98503
92629
46969
21144
48902
4396
83779
47164
7904
1525
19692
51777
23103
22974
30726
30248
39840
98443
50274
38521
41011
94470
89083
95534
95599
61459
54363
45995
89039
47234
71566
79909
52717
83006
9761
92419
36249
39106
50550
78690
70071
40843
53191
78194
36562
87561
10101
51646
62273
17295
96972
52585
79252
86505
63988
8531
78746
5101
50423
57628
78387
87435
48618
7391
89389
46590
34490
26687
57725
9988
66484
49504
31164
5226
40976
82284
17564
32801
36763
94998
63525
25485
77248
50523
32080
73435
12467
71716
35455
38546
30010
77704
2199
71651
85335
80431
2587
8795
72758
76401
61702
43863
13456
40316
38020
15894
54042
12053
64846
89162
15149
92309
26145
7976
50258
49941
61434
60224
52778
61989
54032
11046
62551
76661
813
64686
67915
31351
59978
93559
30795
16315
72615
71134
50559
1722
92548
73811
65817
81487
99838
77000
71327
27903
74665
36518
1015
4345
54886
57850
32110
99833
91234
91757
67172
58150
30988
93233
12664
29371
70608
47415
97068
58723
28724
80669
45749
42333
93742
20004
37953
65599
37056
45920
25988
91607
14161
33577
85121
37645
47529
57839
10546
58340
2633
40490
62421
49247
92709
10031
65171
79648
73407
56734
77645
93612
34593
2264
67397
57674
4759
64783
23846
37610
95559
60821
82609
28290
23981
51318
11910
9076
29495
72578
86539
51211
40025
47202
46140
5604
686
17132
40271
91466
44237
44018
89922
13817
48100
52852
93924
30980
37811
94966
5916
10226
24103
19852
12858
90979
77393
31345
11577
66737
9858
92055
82445
27090
33798
22297
87566
89721
56795
48589
26401
84444
23660
8309
78560
99696
98510
75700
28613
91120
80470
93405
85208
20957
49108
49863
24466
4799
65457
32318
75310
49802
80641
71795
53323
97596
58692
86483
71584
84290
18143
83317
65341
14842
63249
91820
42617
37844
91925
77948
3581
26066
41684
5706
6637
23406
69027
23084
75406
56506
97760
69152
30361
75554
90021
73689
90394
18862
871
95091
67781
9475
96910
95368
76214
60010
41680
94459
99363
99336
60364
93841
52448
4428
37312
4767
81839
35176
91656
94687
90658
7415
74676
71036
53518
93340
30116
68845
64110
72171
92034
45599
17073
7969
23100
19914
73121
82669
52189
27141
93873
35666
67400
11702
39458
48773
95376
64162
2386
77297
14070
14402
21505
31930
34591
83734
35873
76190
17617
27923
92698
34583
12139
37849
46904
21406
91903
42176
96210
75369
56044
82192
59767
85141
90140
46735
10134
73599
20950
16756
65066
55788
63745
44571
42016
99592
39959
41650
69639
75563
74529
55248
55987
30424
8212
31941
53070
79839
53832
98285
65308
17474
92913
26174
78569
95093
41404
57440
92721
18494
42408
38524
3883
63676
16894
13869
4403
11652
7502
35124
69907
32007
48935
46887
61741
40047
98131
58825
73639
68104
58669
17333
99828
26779
89952
7924
73851
89142
957
26094
10470
82439
70136
32061
85065
43399
41504
48540
49805
34004
89817
11007
20344
81654
3160
88733
44699
20291
41434
14087
16920
21597
56641
9948
61229
25561
46028
7253
32930
66620
54226
99196
91882
87870
36603
53530
76089
22480
37723
88365
59715
84633
19372
70360
31821
69564
43847
64084
50834
85973
46046
51621
95988
49891
20697
96167
76221
50304
45483
98855
50768
96106
56432
8334
22609
25766
81605
39320
75822
89467
50116
27299
62825
31897
56731
84963
46979
26205
1192
35826
85126
84844
5555
64261
17262
55164
27912
30777
35350
10450
65263
54988
17787
61254
36906
69257
68271
83332
18858
25179
67740
43147
62799
42626
33458
32856
97402
88932
6799
30653
31856
67034
15626
15338
25229
42283
93884
11181
60098
67959
37740
21654
27950
81609
44342
46003
98004
8527
16919
18107
31422
83302
23575
85798
31854
14191
10835
82425
99261
43870
75686
57056
91154
87249
86323
6963
11296
57245
43954
89915
79900
23395
76628
24526
13562
95170
30997
90325
50435
72167
27006
81967
32117
84607
57075
51343
84279
97549
28159
705
23319
44534
34202
91466
77987
11641
55477
41612
81664
70845
99106
44936
27978
41091
56578
8702
53736
61787
42764
21840
28715
7154
13239
89670
34531
9768
95493
81322
3262
70848
11596
65715
73054
63440
77505
95455
12566
24088
28291
88441
72609
20080
14306
62586
93790
59546
554
24299
31852
95319
41712
70537
26686
12342
36055
41057
7260
89222
88607
84827
98230
21164
5419
67956
83557
70576
79534
74691
74303
60306
9394
63325
3382
78362
53380
35315
7471
98989
21375
96793
49178
88891
29203
61250
96819
27637
14514
51335
55091
8285
98999
93414
28531
19030
50707
26727
92895
