55
124
147
164
182
282
456
664
727
759
845
868
942
958
1018
1211
1249
1297
1304
1305
1366
1366
1416
1428
1500
1577
1587
1629
1637
1679
1720
1743
1762
1767
1871
1899
1904
1923
2046
2175
2216
2344
2359
2496
2514
2525
2572
2577
2615
2760
2913
2943
2949
2958
3062
3147
3298
3318
3338
3403
3414
3434
3651
3677
3678
3755
3777
3790
3797
3809
3876
3945
3964
4057
4084
4252
4294
4297
4309
4331
4342
4368
4436
4439
4530
4591
4635
4694
4715
4743
4762
4789
4791
4791
4907
4984
5055
5089
5123
5130
5167
5207
5277
5277
5281
5347
5392
5398
5400
5407
5420
5424
5509
5599
5646
5654
5684
5780
5803
5860
5870
5881
5933
5971
5997
6001
6035
6088
6181
6279
6291
6297
6394
6493
6514
6553
6602
6607
6666
6861
6886
6942
6959
7042
7050
7094
7164
7203
7358
7394
7510
7542
7550
7558
7648
7671
7766
7863
7866
8034
8061
8096
8104
8251
8326
8362
8400
8449
8533
8536
8603
8614
8628
8635
8731
8747
8979
8979
9030
9161
9173
9184
9255
9262
9488
9522
9536
9631
9677
9695
9711
9713
9762
9824
9872
9882
9882
9962
9993
10112
10127
10215
10250
10254
10301
10387
10421
10460
10520
10557
10567
10613
10658
10902
10917
10936
10937
10991
11025
11069
11135
11151
11198
11257
11267
11346
11372
11383
11550
11627
11634
11646
11872
11888
11936
11943
11955
11965
12045
12121
12172
12241
12352
12354
12391
12398
12443
12508
12515
12548
12598
12687
12859
12891
12951
13058
13086
13206
13209
13279
13307
13318
13409
13435
13454
13464
13518
13715
13729
13783
13913
13947
13967
13983
14009
14018
14080
14098
14112
14126
14140
14153
14184
14216
14258
14267
14323
14341
14360
14415
14429
14435
14491
14499
14505
14525
14577
14588
14730
14752
14771
14878
14895
14931
15010
15015
15114
15144
15148
15151
15151
15164
15173
15187
15213
15217
15273
15329
15406
15432
15441
15503
15549
15556
15592
15732
15752
15790
15830
16142
16192
16250
16266
16299
16352
16381
16450
16458
16476
16515
16516
16553
16583
16628
16698
16717
16750
16861
17097
17197
17266
17329
17478
17479
17504
17577
17581
17608
17635
17648
17687
17712
17901
18050
18127
18168
18199
18222
18263
18268
18289
18297
18328
18393
18519
18554
18631
18679
18694
18762
18821
18828
18834
18860
18919
19012
19144
19225
19233
19277
19291
19300
19336
19391
19457
19459
19582
19615
19649
19666
19675
19976
20124
20136
20336
20353
20363
20399
20410
20424
20467
20578
20592
20633
20642
20652
20653
20723
20809
20812
20844
20873
20950
20962
21036
21072
21095
21124
21142
21145
21180
21335
21339
21397
21408
21430
21503
21631
21689
21720
21721
21727
21775
21870
21881
21919
21927
22061
22068
22162
22178
22192
22248
22408
22466
22484
22559
22579
22629
22764
22789
22866
22934
22968
22976
23021
23026
23049
23097
23119
23148
23281
23318
23354
23388
23456
23519
23568
23645
23733
23733
23743
23791
23873
23879
23892
24056
24110
24150
24170
24177
24206
24268
24388
24428
24431
24487
24533
24550
24559
24574
24584
24627
24686
24690
24771
24838
25014
25261
25280
25294
25332
25357
25376
25436
25456
25570
25631
25685
25718
25822
25855
25892
25893
25909
25942
26002
26178
26199
26246
26316
26342
26350
26350
26382
26383
26424
26471
26476
26526
26571
26571
26608
26611
26623
26629
26705
26712
26727
27040
27041
27050
27066
27088
27203
27227
27291
27296
27336
27375
27413
27486
27511
27544
27555
27623
27635
27688
27692
27701
27734
27747
27757
27767
27768
27774
27898
27902
27914
27946
28021
28108
28115
28126
28142
28164
28176
28245
28257
28258
28283
28329
28467
28734
28776
28857
28868
28901
28919
28938
29060
29080
29119
29232
29257
29259
29299
29365
29397
29431
29435
29489
29690
29708
29709
29783
29786
29823
29837
29899
29939
29951
30243
30247
30296
30315
30345
30352
30547
30708
30787
30831
30863
30928
30940
30945
30992
31030
31054
31104
31273
31407
31580
31582
31586
31632
31684
31687
31803
31803
31881
31899
31909
31944
31985
32149
32209
32240
32252
32256
32281
32308
32405
32445
32491
32517
32529
32529
32598
32610
32620
32627
32649
32659
32672
32724
32734
32779
32782
32803
32831
32911
32997
33022
33123
33378
33517
33551
33568
33636
33636
33647
33686
33720
33907
33941
33945
33990
34022
34137
34163
34167
34184
34190
34235
34250
34280
34341
34348
34397
34462
34673
34684
34691
34726
34738
34857
34867
34897
34979
34989
35043
35044
35053
35081
35103
35153
35158
35311
35320
35386
35407
35688
35805
35830
35877
35985
36013
36045
36066
36081
36084
36084
36089
36095
36133
36143
36167
36189
36202
36214
36222
36435
36445
36507
36516
36528
36674
36699
36723
36766
36820
36830
36867
36908
36960
37017
37057
37067
37087
37137
37262
37342
37486
37552
37565
37589
37595
37646
37671
37732
37835
38004
38023
38067
38156
38289
38302
38359
38369
38418
38446
38511
38521
38649
38737
38790
38848
38874
38878
38896
38897
38907
38922
38930
38985
39004
39194
39232
39294
39389
39399
39484
39562
39676
39680
39695
39700
39750
40026
40050
40066
40082
40093
40100
40146
40152
40180
40196
40236
40250
40336
40375
40377
40401
40414
40524
40539
40548
40585
40643
40698
40727
40743
40788
40977
41028
41060
41186
41219
41263
41277
41298
41321
41322
41346
41370
41380
41383
41390
41424
41425
41460
41608
41776
41804
41809
41832
41832
41844
41912
41933
41954
41976
41990
42016
42037
42051
42052
42120
42126
42246
42299
42353
42495
42573
42609
42646
42682
42725
42833
42870
42890
42922
42930
42944
43153
43233
43248
43337
43368
43384
43405
43410
43422
43452
43541
43550
43629
43669
43754
43857
43876
43925
43926
43959
43969
44017
44100
44233
44245
44421
44481
44499
44528
44559
44564
44612
44636
44670
44685
44747
44778
44834
44881
44969
44993
45015
45047
45097
45142
45170
45200
45210
45227
45321
45386
45486
45626
45718
45724
45783
45859
45922
45924
45931
45974
45987
46011
46022
46136
46360
46422
46478
46521
46548
46613
46615
46691
46703
46759
46804
46832
46887
46919
46963
47026
47062
47166
47174
47203
47283
47315
47346
47359
47418
47462
47467
47624
47709
47773
47816
47862
47930
47933
47980
48029
48139
48263
48301
48317
48412
48413
48419
48553
48632
48683
48730
48808
48850
49008
49023
49056
49057
49084
49284
49299
49314
49350
49457
49520
49534
49536
49592
49611
49664
49700
49704
49729
49742
49773
49860
49911
49964
49985
50005
50010
50054
50089
50168
50189
50248
50288
50315
50340
50367
50476
50509
50557
50591
50634
50703
50737
50796
50848
50863
50873
50879
50971
51004
51041
51044
51107
51158
51267
51343
51360
51462
51484
51570
51596
51643
51645
51780
51880
51897
51947
51977
51995
52018
52049
52131
52174
52320
52342
52384
52433
52448
52534
52540
52546
52557
52568
52622
52623
52753
52812
52855
52862
52888
52891
52894
52939
52976
52988
53013
53017
53088
53119
53155
53207
53358
53421
53449
53452
53501
53547
53607
53644
53693
53704
53888
53946
53988
54025
54045
54084
54108
54144
54145
54146
54180
54209
54333
54475
54504
54748
54752
54792
54801
54829
54865
55044
55145
55223
55311
55331
55368
55522
55526
55568
55633
55786
56029
56078
56085
56122
56190
56406
56418
56421
56427
56524
56532
56542
56557
56564
56602
56709
56733
56741
56756
56762
56764
56770
56816
56866
56880
56892
56908
56919
56933
56950
56963
57150
57191
57318
57347
57364
57367
57465
57471
57541
57574
57671
57724
57755
57776
57788
57796
57852
57909
57925
57990
58000
58009
58036
58094
58313
58483
58542
58547
58605
58647
58754
58861
58869
58894
58895
58903
58922
58982
59099
59127
59143
59278
59308
59458
59504
59529
59609
59668
59899
59939
59982
60006
60022
60108
60184
60276
60315
60326
60362
60388
60418
60451
60549
60603
60611
60617
60693
60752
60761
60858
60907
60940
60987
60999
61012
61061
61178
61188
61234
61243
61402
61426
61522
61557
61638
61682
61698
61785
61933
61969
62041
62080
62081
62102
62172
62236
62284
62316
62430
62447
62460
62487
62504
62550
62611
62654
62668
62714
62741
62872
62918
62981
62997
63000
63000
63057
63074
63078
63118
63122
63146
63160
63163
63177
63232
63255
63303
63355
63363
63406
63420
63422
63462
63505
63524
63552
63611
63629
63650
63776
63837
63887
63933
63983
64075
64131
64138
64141
64172
64179
64360
64365
64415
64451
64465
64475
64677
64679
64774
64812
64879
64922
64990
65015
65018
65059
65142
65143
65186
65309
65356
65362
65388
65433
65435
65498
65533
65544
65558
65585
65640
65649
65650
65673
65703
65773
65842
65888
65942
65954
65979
66009
66100
66103
66180
66217
66226
66242
66265
66279
66392
66416
66419
66422
66439
66445
66448
66481
66523
66540
66746
66753
66835
66866
66899
66906
66955
66973
67015
67085
67182
67281
67293
67318
67374
67445
67465
67679
67712
67789
67797
67890
67944
67980
68003
68009
68032
68054
68099
68107
68149
68164
68168
68179
68195
68270
68344
68406
68462
68500
68523
68558
68563
68620
68625
68673
68756
68761
68802
68835
68985
69045
69196
69361
69476
69592
69607
69621
69632
69664
69703
69712
69718
69792
70012
70072
70200
70345
70375
70380
70408
70428
70460
70594
70594
70663
70666
70711
70719
70733
70785
70798
70861
70968
71008
71159
71208
71384
71408
71434
71562
71588
71624
71635
71688
71727
71779
71816
71850
71851
71905
71927
71932
71956
72046
72147
72207
72226
72294
72484
72486
72763
72780
72821
72871
72949
72983
73022
73026
73231
73294
73302
73378
73552
73562
73618
73618
73700
73735
73737
73788
73842
73911
74029
74168
74269
74287
74290
74340
74357
74413
74671
74699
74807
74857
74895
74900
75001
75073
75210
75244
75284
75394
75623
75651
75713
75728
75772
75873
75972
76184
76208
76222
76509
76523
76544
76558
76582
76631
76641
76666
76798
76876
76897
76899
76936
76943
77073
77169
77189
77274
77569
77612
77615
77646
77775
77877
77886
78029
78068
78097
78163
78169
78245
78297
78300
78335
78385
78386
78387
78415
78448
78451
78469
78514
78558
78586
78634
78652
78681
78730
78739
78825
78840
78844
78986
79049
79069
79089
79197
79248
79331
79344
79374
79401
79455
79491
79570
79616
79651
79659
79702
79722
79731
79732
79766
79815
79911
79924
79974
80135
80143
80189
80193
80450
80530
80617
80648
80700
80771
80898
80950
80951
81014
81048
81050
81169
81169
81211
81221
81301
81316
81400
81417
81438
81439
81543
81566
81591
81595
81646
81795
81890
82034
82035
82041
82109
82118
82158
82277
82304
82373
82429
82455
82469
82568
82791
82791
82798
82813
83082
83251
83276
83329
83349
83368
83432
83531
83586
83639
83786
83870
83874
83882
83901
83956
83990
84017
84018
84033
84055
84158
84227
84276
84304
84304
84341
84370
84427
84435
84451
84623
84648
84715
84747
84750
84794
84851
84856
84887
84902
84987
85044
85128
85160
85205
85290
85352
85359
85472
85587
85615
85667
85731
85756
85897
85930
85963
86061
86066
86125
86177
86194
86470
86499
86540
86550
86569
86619
86624
86840
86845
86854
86947
86970
87012
87049
87146
87148
87195
87301
87303
87308
87333
87345
87452
87458
87656
87657
87705
87811
87879
87882
87992
88056
88138
88153
88171
88232
88247
88285
88288
88319
88325
88519
88574
88595
88608
88703
88836
88864
88885
88888
89021
89058
89065
89119
89119
89124
89235
89289
89292
89412
89448
89532
89627
89639
89708
89798
89861
89896
89903
89924
89968
89994
90032
90302
90347
90384
90446
90480
90500
90589
90636
90658
90672
90716
90728
90730
90823
90909
90914
90989
91033
91094
91156
91192
91227
91233
91256
91263
91395
91456
91457
91477
91481
91487
91571
91586
91617
91650
91843
91898
91914
91928
91940
91995
92019
92059
92379
92406
92509
92579
92673
92690
92691
92777
92851
92871
92897
92900
92990
93111
93151
93270
93288
93394
93411
93440
93470
93489
93519
93570
93570
93597
93613
93779
93934
93945
93975
94092
94103
94171
94193
94214
94255
94356
94404
94559
94571
94645
94877
94929
94969
95136
95159
95201
95230
95318
95346
95432
95457
95487
95581
95695
95697
95699
95918
95920
96214
96352
96420
96424
96424
96433
96448
96496
96575
96605
96611
96627
96654
96693
96698
96788
96851
96896
96962
96983
97038
97097
97106
97116
97119
97203
97256
97355
97386
97561
97567
97604
97615
97802
97832
97833
97891
97906
97936
97951
97953
97975
98012
98047
98070
98106
98176
98181
98187
98201
98305
98422
98466
98505
98619
98620
98647
98648
98755
98765
98896
99059
99080
99094
99127
99162
99242
99254
99394
99528
99591
99613
99709
99716
99790
99959
99984
