1304
21870
56756
1366
32779
15441
62430
5646
56421
85731
32734
38004
40152
14878
78514
49536
78163
8979
5870
75210
65059
50879
43368
21124
94214
91094
72294
32803
57191
31580
83586
13086
29435
46963
73302
73294
18519
70798
71562
21430
70380
45859
91928
90589
27296
22559
22968
56406
8362
94356
25357
75073
87146
58894
79659
34250
35043
30243
59939
24110
32405
83432
38156
36766
36699
17504
30992
39389
81566
63887
41776
868
40788
23021
72821
63524
21145
27511
61012
48139
41832
13983
79197
13279
45974
76899
19233
85352
68107
52891
82813
26571
43422
62284
17479
44528
37835
50010
58483
6181
22484
66746
60611
4635
38930
57925
38985
93934
68406
24584
61402
7203
98176
50168
73618
59529
16250
68835
65533
41346
14323
93570
43337
98619
25332
49611
6886
7863
22976
68195
5398
83082
68620
38289
84887
97953
18168
6861
39562
70719
91914
4791
5407
54209
8614
91940
21631
91395
29708
23026
99254
14140
10254
95581
14267
81316
11627
76523
14429
80951
9677
83874
30315
63057
7164
91033
52384
91192
54045
4331
6602
61178
10250
53704
43669
98187
64879
64677
59609
90384
27486
56532
11965
45626
66416
74671
42246
16266
61785
59278
14752
147
15015
76184
70375
36830
3318
35830
65650
86470
65362
59458
47773
41219
3403
28734
18834
89924
26382
61698
32724
60693
84902
50189
66439
84033
79374
20124
88703
23568
40401
51897
60451
44881
91456
47467
89021
66100
58000
60907
22466
68270
43629
99094
58009
21919
64415
38878
30345
40336
60184
23388
27555
77877
15830
88864
92777
91571
86619
60617
5881
12443
18631
37552
92059
30708
15503
26526
5347
45015
52540
50557
36674
79924
10658
26476
90032
97906
60603
50509
63118
92851
39232
52888
60987
29397
33123
79570
25685
57909
89708
53017
97386
33647
25294
4342
99162
63776
5509
62997
97802
20652
32911
5424
20136
13307
68164
73735
45718
88319
68179
64812
42037
77169
40698
8251
45200
34137
19457
27623
77569
66955
22068
17712
50340
82798
52988
90672
60022
62041
10520
40180
78825
97975
15549
8104
89639
17097
26471
71851
11872
70666
63611
72226
68563
49742
51643
2216
43541
86499
74340
5123
71008
282
99528
80530
66523
94559
17635
65954
68802
86947
44636
93440
40050
91227
98106
50089
20467
49057
39680
67293
13058
21720
4743
40146
64922
68462
25718
43876
37087
65018
69664
44778
39750
41028
51995
61188
99716
69476
18328
66448
41298
90914
57796
63420
84794
74269
73562
24150
2913
67015
40066
52320
27088
65773
5130
50591
67712
33941
63552
86066
80193
96352
81417
9695
54504
1871
68673
51977
92019
95457
36143
62654
6394
9882
53988
54829
83956
11936
20336
78068
51107
96575
9762
41976
35805
86540
27066
67374
29080
99591
76876
182
68625
18393
29939
88519
70072
2525
24431
26629
49084
65435
51484
85615
94255
55311
94929
62741
50005
23049
24690
48263
27375
19277
84370
17577
2046
38874
4297
36867
67318
15592
59982
5780
62081
15114
14577
17478
28108
36723
88888
21180
47026
56950
96627
31944
75651
32997
83870
91898
50737
38907
13715
58547
4439
4789
79401
98648
34726
27898
67085
3809
90446
90716
63163
29489
2949
34167
38649
7648
46615
23318
29232
30547
14730
58869
14216
27757
32620
63232
53119
21503
61243
31803
89798
78652
43153
14491
32281
46759
94571
38897
27768
5997
5684
6279
4294
63983
22162
92579
10557
70200
70733
44969
50476
58861
93111
25436
30831
58754
96605
25893
97097
48553
51880
51596
71905
15173
38896
14499
47062
99709
57150
81795
19615
24268
16381
29709
49700
94645
10460
48850
6291
10387
20962
23791
42016
18222
89903
79344
54748
53547
50634
92406
25456
60315
65388
83251
7510
64179
19976
11025
23892
37595
31030
22866
98070
54752
19291
29299
2344
24388
72983
63146
20653
21397
71850
15406
47166
84987
27747
72949
90658
85963
66279
13464
79974
68985
31899
79731
56762
28938
31054
44233
42120
60999
82277
10917
93394
56557
60388
57755
55526
31586
51158
89292
49056
12354
62714
41832
39004
82455
85930
16750
74807
81543
2760
44559
20578
59143
71208
32209
30945
46478
15732
71727
58982
19300
52448
76222
42052
21721
56427
87882
72147
95346
13454
40414
23456
36189
35044
91843
942
57574
20950
49664
78029
24771
28258
96448
91477
9962
16583
31985
5055
99394
69712
28776
31104
65558
77274
91233
53155
18694
5860
44100
15010
68344
26002
51780
95201
20844
73022
25570
82791
34989
78844
9262
82041
54146
34184
36013
23733
35877
58542
69718
97256
1899
27701
7094
98765
32610
68009
34867
55522
10937
34691
26350
82568
664
93975
49985
73911
61969
34235
15752
92379
95918
4591
76509
5392
7050
86125
13947
83349
16476
95695
44612
9872
22061
759
81438
11198
97355
93470
71384
61557
96214
48029
27946
63000
45783
66481
53946
27734
40977
1743
42299
29951
1679
75972
71408
66180
5277
87879
10127
41322
26611
3678
25376
84427
41804
83882
36516
16553
68149
8400
47315
93519
88288
49284
92990
62918
84856
46804
14931
23281
35407
26350
56190
60006
60276
50863
23148
16458
53888
98505
5803
21927
41263
78448
37486
52812
40524
44834
74413
56418
45924
15217
19336
63078
37565
14126
36908
36167
62080
78739
72046
63422
52753
21036
96693
56741
19391
55331
56564
93270
49911
76936
4309
3777
6035
14009
6001
53449
30928
68756
89627
8635
88285
21142
3964
11372
77775
68558
6553
85359
44017
42051
63122
26383
94969
33022
28868
5167
35158
3414
5933
57724
18821
65142
31407
51947
98755
70861
37262
58036
83901
84018
24627
52939
16515
14258
38067
2359
40539
52568
3434
99984
2577
40375
51041
39194
24428
66103
16142
8536
87452
23097
8603
21775
28176
80617
35103
19225
25892
29823
90728
97891
43959
40082
76666
19459
40026
16698
26608
11257
34341
36960
28257
32672
40196
29060
89119
36081
97038
78730
66009
67797
32598
46691
76897
22789
65498
49299
26727
76544
6297
3876
40643
68168
26178
37671
66866
21689
9255
56770
4984
31687
22192
78586
90500
93779
56908
37342
18289
65673
80450
17901
41608
18297
57318
76582
68099
24177
87656
78634
25261
32659
26246
98896
60549
46136
43969
78245
13409
27041
35053
36445
37646
10613
98305
94171
4694
4252
72207
81400
19675
52342
2958
79732
95487
38521
17266
62550
47174
47462
3677
38369
28467
11943
30863
52534
13967
72871
98201
9184
14153
93613
36528
32256
29431
71159
12508
88885
35386
46703
76208
18919
33568
20812
74900
69361
73026
14184
76798
89065
82158
93945
32831
52557
97951
6959
1305
3755
67944
32649
13518
12172
84304
44564
4436
42495
7766
44993
42725
36222
79766
76641
66419
47359
15556
93151
20633
40377
85205
59899
18860
41425
64990
81439
90480
8096
91156
25631
39399
56866
47346
42930
88836
34462
5400
41383
78558
86061
50288
57990
68032
14505
64365
31909
48413
41844
60940
30787
1249
15329
34684
12548
3298
63650
66906
90730
67445
96496
9173
40236
66973
78097
42833
43926
91263
45097
92871
45724
38737
11135
1577
78300
20592
43754
63074
51343
54801
4057
97116
50796
15151
85756
62172
96698
64451
97106
82791
74287
73618
23119
20424
67465
85472
99242
79722
49704
33378
54145
25855
80135
42609
73737
68003
32149
72763
28245
12891
75284
28115
18050
62487
52622
54792
27902
95159
32782
22579
8979
28329
7394
20363
27635
52976
3147
33907
75873
53088
31582
61234
20410
64774
59099
80771
11646
32517
65703
52131
50367
50971
89896
23879
82469
20642
70012
59504
63355
67890
95318
83639
36089
93411
70711
3651
77615
79089
82373
86970
32491
27544
42922
89235
89448
78335
22764
74857
84435
84017
92900
26316
4762
82118
84158
6514
84276
10112
15148
37067
53607
41809
34022
38418
18554
81050
73378
9631
53207
84750
65356
37017
62236
1366
81890
31273
5599
90989
35311
60362
43452
50315
87458
48412
30940
2175
36202
52855
63363
62102
31632
54333
3062
33720
12241
15432
97832
37137
7542
84451
88608
64141
14098
69045
99080
51645
26424
96983
36084
10902
40727
63303
53452
41912
44499
37589
88056
49964
79616
81211
6088
21095
92509
9161
32445
75244
88171
49534
71927
61933
45321
95699
73788
17329
76558
81169
75394
78385
5281
64131
50873
23645
48632
61638
24056
70428
53644
89532
93570
84304
28021
69792
25909
35320
70663
36820
9711
12687
66217
55223
98620
32529
81646
92690
92897
38302
63505
67281
2943
11383
61426
50703
16516
50054
10215
24170
78387
41370
92673
3797
24206
20399
1629
67980
7550
62668
70594
36066
51360
41990
56542
13783
4907
7042
86840
87301
8449
87992
65585
45210
73842
1587
47709
14080
47624
24533
56919
65015
15187
5207
63462
73700
9713
58605
42890
96962
70968
50248
1762
7671
97604
29365
90302
52546
46360
72484
39676
21072
65842
79651
14018
63406
17648
22408
18679
66265
33945
66445
63837
95697
38922
86550
15790
62316
5277
58094
66835
12391
727
11151
46011
55
39695
70785
39294
99613
36214
56122
84623
18263
90823
27203
63255
4084
41933
91995
36435
16192
45227
71956
94092
90909
87148
65979
33551
4530
80648
66422
35081
34397
76943
7558
13729
98181
8533
2572
9522
83531
60858
47816
87811
6942
27413
56892
33636
12045
51004
52623
38023
26199
62611
845
13209
958
38446
60108
54108
29786
78469
63177
80898
27050
71635
65649
48808
86854
29899
98012
59308
75728
63160
5971
17197
62504
34190
34738
77886
23743
11634
89289
51462
48419
34979
124
88247
14360
54084
3338
84648
96424
27688
90347
74290
45170
30296
96851
51267
24574
71779
20723
85667
41424
79491
36095
5089
31803
19144
20809
91256
69196
45987
5420
56963
40743
96433
22629
7866
97936
49314
62460
20873
42944
44421
82304
54475
45047
2514
49008
85160
73552
78451
76631
71688
4368
11888
38511
82035
1720
53013
57541
9030
8731
8034
86845
96788
79049
57776
64172
65143
87049
12859
51044
93489
87333
49520
15213
71588
97119
41460
16717
85897
60418
96654
89994
34897
32627
52018
46919
13206
26342
84715
68523
16861
42573
1637
57471
44747
16299
46548
46613
83329
69703
94404
60326
84341
57788
44670
39700
24686
29837
66899
12398
18268
5654
35688
61682
54865
40093
25822
83276
38848
456
53501
56733
81169
71624
82109
21335
28126
19666
64465
37732
53421
24559
1904
24487
70345
55145
19649
47418
29119
24550
66242
98422
88595
34673
56085
35153
65309
92691
55368
89058
31684
44481
54144
96896
59668
80143
66753
65544
89119
41954
64475
82429
45486
14435
36084
18762
37057
32240
18127
57347
29259
90636
59127
45386
1923
94103
6666
44685
27336
63000
41380
87308
43925
81014
13318
10936
48317
38790
12515
98647
84227
49023
79815
36133
66392
86569
164
57364
87345
68500
36507
85044
56933
77189
47203
67789
9824
45931
57465
87657
1767
56880
62981
6607
3945
26571
19012
55786
6493
11346
2615
64360
88574
34348
83368
27774
9536
61061
32308
40585
36045
81595
12121
62447
86177
81301
63933
55044
19582
34163
81048
95432
49773
86624
16352
52174
86194
89412
97615
74168
71434
12598
14771
43550
89124
73231
55633
74029
65433
91481
27767
72780
97833
46887
79069
60761
97203
7358
58647
43410
26705
49457
47930
79248
67182
85290
1416
53358
28901
49860
40250
10567
99959
42870
34857
47933
31881
64138
62872
25014
58903
84747
16450
23873
97561
39484
80700
12951
42353
24838
46022
1500
43405
27914
84851
40100
98047
16628
82034
78386
45142
30352
78681
71932
13913
68054
17581
83786
25280
91457
43857
10301
14415
52894
17608
63629
55568
69632
15144
4715
66540
60752
8061
56709
81221
49729
28919
88232
47283
91586
61522
21727
28857
47980
12352
88153
11267
27227
74357
58313
97567
42682
41390
79911
44245
29783
95230
8628
28164
69621
4791
48730
29690
21408
94193
51570
15151
75772
1211
26623
23519
65942
13435
78840
70594
56764
79331
33636
58922
22248
11955
56029
26712
81591
40548
83990
70460
68761
43384
21881
57671
43233
15164
29257
3790
87195
22934
8326
52862
11069
35985
74895
46422
42646
45922
91650
88325
54180
84055
79455
20353
98466
27291
8747
91617
41277
71816
10991
49592
85128
54025
27040
77646
33990
48683
9882
53693
96420
50848
72486
14341
9993
14895
28283
18828
89861
21339
14112
47862
30247
99790
95920
32252
74699
22178
33686
77612
56816
33517
99127
80189
34280
49350
58895
42126
70408
69592
99059
23354
91487
41186
80950
87705
41060
93288
69607
79702
96424
56602
17687
65640
78986
11550
78169
46832
15273
57852
65186
56078
1428
64679
89968
65888
14525
96611
75623
46521
48301
38359
25942
75001
1297
32529
78297
28142
77073
9488
18199
87303
75713
66226
64075
52049
52433
1018
95136
43248
67679
94877
23733
14588
27692
88138
2496
10421
56524
85587
78415
87012
57367
93597
41321
