40
65
71
129
162
164
169
189
243
249
293
302
323
382
392
402
409
414
511
516
522
523
543
553
610
637
642
680
733
770
787
801
805
810
816
837
911
914
951
985
993
1017
1027
1080
1095
1118
1127
1159
1222
1223
1225
1280
1285
1363
1415
1451
1478
1485
1517
1618
1672
1674
1684
1700
1703
1732
1753
1772
1846
1851
1875
1899
1908
1942
1969
1971
1987
2003
2010
2103
2120
2140
2154
2155
2160
2237
2272
2282
2312
2341
2359
2363
2453
2491
2501
2640
2675
2705
2729
2746
2763
2812
2829
2868
2958
2963
2964
2977
3013
3028
3049
3100
3127
3139
3171
3189
3284
3294
3296
3375
3385
3395
3405
3416
3446
3455
3488
3493
3602
3612
3612
3631
3670
3711
3740
3745
3785
3801
3823
3882
3917
3978
3982
3993
4092
4094
4113
4115
4134
4157
4178
4186
4203
4241
4266
4281
4313
4365
4390
4453
4477
4481
4490
4491
4525
4526
4529
4660
4672
4789
4808
4809
4813
4860
4873
4880
4968
4995
5054
5114
5126
5131
5146
5169
5211
5232
5282
5283
5368
5435
5442
5445
5487
5489
5499
5500
5521
5537
5544
5557
5591
5598
5626
5657
5659
5688
5693
5715
5731
5757
5813
5853
5862
5873
5932
5952
5987
6023
6037
6049
6082
6114
6134
6186
6202
6223
6317
6320
6330
6357
6412
6450
6463
6467
6515
6540
6546
6548
6591
6606
6743
6754
6755
6766
6808
6830
6833
6846
6855
6895
6896
6910
6913
6924
6953
6978
7028
7039
7049
7072
7073
7097
7104
7195
7218
7234
7252
7321
7325
7333
7348
7371
7392
7485
7498
7504
7516
7558
7646
7646
7658
7664
7747
7781
7810
7829
7887
7889
7899
8038
8049
8063
8153
8167
8191
8193
8194
8222
8233
8241
8261
8276
8337
8359
8376
8386
8429
8437
8519
8527
8567
8584
8587
8592
8602
8654
8708
8712
8730
8736
8745
8760
8794
8801
8804
8812
8813
8813
8815
8823
8835
8854
8880
8897
8918
8965
8981
8990
8999
9009
9104
9117
9143
9159
9166
9168
9210
9230
9261
9310
9310
9422
9437
9445
9457
9464
5657
9470
9484
9487
9523
9530
9636
9638
9643
9719
9736
9776
9808
9869
9878
9894
9990
9990
9995
10003
10012
10021
10049
10076
10082
10084
10102
10145
10164
10181
10198
10198
10199
10223
10233
10250
10327
10335
10355
10391
10392
10399
10405
10407
10410
10438
10442
10475
10480
10494
10496
10602
10651
10730
10744
10770
10790
10813
10856
10911
10942
10971
10989
11046
11048
11052
11075
11090
11103
11109
11116
11150
11161
11173
11191
11214
11252
11291
11305
11312
11341
11381
11384
11396
11397
11400
11410
11411
11416
11465
11476
11487
2729
11526
11558
11560
11567
11568
11610
11634
11639
11644
11645
11645
11669
11672
11675
11762
11840
11858
11864
11915
11924
11929
11948
11956
11972
11992
12015
12043
12053
12078
12082
12088
12092
12131
12136
12190
12196
12198
12307
12345
12372
12378
12381
12392
12393
12396
12407
12416
12423
12424
12516
12534
12539
12556
12556
12584
12652
12671
12689
12712
12713
12771
12804
12807
12829
12840
12848
12858
12863
12899
12919
12958
12961
12970
13001
13029
13078
13180
13183
13252
13332
13333
13343
13390
13443
13446
13453
13459
13465
13468
13473
13537
13538
13564
13576
13580
13600
13638
13667
13672
13718
13757
13776
13817
13824
13844
13849
13905
13909
13915
13960
13965
13985
13986
13988
14020
14041
14056
14091
14130
14141
14158
14160
14198
14272
14292
14292
14341
14416
14429
14454
14458
14472
14492
14508
14516
14589
14630
14633
14638
14639
14647
14661
14665
14688
14697
14714
14737
14749
14750
14782
14798
14840
14947
14952
9143
14964
14988
15042
15054
15094
15115
15156
15179
15181
15198
15203
15204
15208
15241
15255
15321
15335
15338
15347
15388
15436
15444
15476
15484
15491
15509
15520
15522
15555
15566
15566
15569
15574
15582
15605
15649
15661
15662
15733
15794
9990
15873
15917
15919
15936
15949
15973
15974
15974
16082
16114
16120
16148
16153
16155
16261
16264
16340
16363
16371
16437
16463
16532
16532
16536
16555
16579
16583
16597
16611
16613
16643
16645
16648
16648
16654
16676
16676
16701
16713
16769
16798
16823
16830
16842
16855
16918
16936
16940
16943
16966
16984
16989
16992
17010
17019
17050
17055
17081
17091
17182
17258
17260
17271
17279
17297
17313
17354
17374
17425
17448
17499
17507
17629
17630
17635
17643
17651
17654
17654
17681
17702
17753
17769
17779
17803
17815
17840
17877
17893
17929
17933
17971
17978
17996
18005
18028
18037
18073
18099
18112
18115
18136
18208
18210
18236
18274
18289
18361
18369
18394
18428
18445
18477
18482
18583
18662
18676
18727
18779
18786
18795
18806
18865
18879
18881
18933
18994
18997
19040
19098
19123
19130
19147
19156
19203
19282
19315
19342
19349
19373
19385
19418
19435
19441
19559
19567
19572
19600
19675
19729
19741
19788
19811
19824
19884
19903
19946
19971
20013
20020
20034
20036
20050
20107
20150
20174
20174
20183
20188
20190
20190
20251
20269
20290
20304
20309
20347
20405
20453
20474
20509
20581
20602
20650
20675
20716
20729
20741
20743
20744
20752
20766
20775
20821
20841
20844
20859
20863
20896
21011
21060
21077
21085
21109
21118
21137
21166
21255
21378
21385
21399
21409
21420
21432
21443
21447
21448
21475
21498
21507
21526
21606
21623
21670
21744
21746
21758
21769
21798
21815
21822
21831
21848
21871
21892
21898
21902
21904
21937
21973
22029
22044
22064
22099
22112
22127
22139
22176
22205
22279
22291
22365
22380
22403
22418
22432
22435
22452
22457
22506
22541
22576
22591
22666
22676
22681
22701
22710
22714
22717
22733
22778
22785
22805
22814
22817
22864
22888
22912
22931
22960
22965
22977
22995
23100
23104
23146
23232
23244
23248
23294
23301
23334
23359
23433
23493
23522
23568
23578
23643
23651
23654
23720
23724
23724
23846
23865
23882
23891
23927
23955
23961
23985
23987
24027
24045
24060
24062
24083
24088
24126
24140
24166
24197
24213
24226
24236
24253
24276
24281
24307
24331
24333
24336
24375
24380
24404
24419
24421
24457
24481
24487
24505
24509
24533
24551
24580
24583
24583
24597
24632
24663
24676
24696
24727
24727
24744
24745
24791
24809
24878
24890
24948
24962
24965
24970
24974
25035
25043
25132
21507
25161
25188
25277
25281
25333
25337
25341
25354
25358
25399
25407
25433
25515
25563
25564
25576
25581
25581
25625
25671
25741
25750
25759
25820
25830
25846
25869
25886
25889
25896
25899
25969
25970
25971
25973
25983
25985
25987
26024
26043
26072
26101
26127
26130
26137
26144
26145
26180
26213
26260
26284
26311
26337
26354
26411
26417
26455
26470
26490
26493
26494
26517
26520
26546
26575
26590
26590
26693
26761
26783
26790
26791
26838
26850
26859
26860
26881
26900
26902
26932
26952
26960
26963
26973
26985
27001
27003
27063
27067
27162
27294
27300
27339
27353
27356
27376
27474
27532
27553
27633
27659
27671
27674
27722
27724
27735
27741
27758
27765
27774
27794
27817
27872
27886
27902
27921
27931
27988
28060
28070
28076
28076
28116
28122
28147
28168
28201
28302
28339
28346
28347
28348
28464
28514
28516
28546
28563
28602
28611
28638
28658
28663
28714
28736
28755
28767
28768
28769
28777
28828
28840
28844
28851
28889
28896
28903
29036
29049
29050
29062
29064
29094
29137
29142
29183
29206
29210
29226
29227
29233
29295
29339
29378
29385
29429
29438
29443
29448
29455
29481
29490
29498
29505
29525
29562
29564
29582
29584
29588
29621
29651
29664
29665
29679
29692
29694
29770
29804
29817
29829
29839
29841
29852
29885
29911
29962
29986
29989
30036
30064
30082
30118
30119
30125
30141
30274
30290
30333
30355
30373
30400
30424
30430
30431
30452
30455
30460
30480
30493
30525
30547
30574
30586
30598
30599
30603
30629
30633
30642
30674
30718
30728
30729
30729
30781
30797
30873
30945
30949
30987
31011
31044
31065
31066
31067
31072
31077
31106
31152
31154
31191
31219
31229
31275
31309
31324
31331
31362
31426
31461
31473
31508
31510
31513
31515
31529
31576
31596
31602
31604
31618
31639
31641
31650
31662
31679
31705
31792
31818
31846
31875
31914
31940
32012
32129
32176
32219
32256
32271
32278
32278
32302
32303
32307
32321
32333
32342
32345
32413
32422
32447
32454
32502
32506
32509
32510
32576
32613
32628
32643
32683
32690
32720
32721
32790
32806
32807
32918
32954
33040
33092
33123
33190
33211
33220
33279
33304
33305
33311
33317
33336
33344
33374
33428
33429
33485
33504
33510
33516
33528
33597
33602
33628
33643
33646
33694
33703
33705
33734
33763
33769
33821
33857
33938
33983
33998
34020
34033
34037
34046
34087
34111
34156
34170
34181
34191
34201
34210
34238
34260
34261
34268
34299
34301
34310
34322
34325
34343
34356
34362
34364
34384
34414
34426
34464
34537
34569
34639
34678
34783
34829
34856
34895
34908
34908
34909
34922
34942
34951
34967
35028
35049
35063
35070
35116
35120
35153
35184
35190
35215
35257
35269
35283
35294
35321
35336
35343
35418
35419
35452
35471
35509
35530
35605
35695
35725
35727
35778
35800
35805
35842
35876
35942
35950
35973
36002
36015
36022
36030
36047
36054
36055
36057
36074
36097
36142
36214
36223
36227
36231
36257
36264
36314
36344
36363
36406
36407
36458
36488
36504
36575
36575
36660
36669
36688
36694
36701
36717
36726
36760
36764
36766
36812
36862
24045
36902
36930
37062
37134
37242
37242
37261
37278
37303
37371
37392
37459
37466
37479
37480
37493
37495
37536
37594
37595
37613
37632
37649
37666
37691
37697
37713
37738
37738
37762
37786
37796
37799
37837
37845
37845
37851
37867
37920
37945
37962
37965
37969
38049
38100
38121
38123
38184
38209
38234
38239
38264
38297
38303
38377
38404
38452
38487
38558
38643
38683
38689
38689
38701
38705
38718
38720
38730
38783
38792
38833
38846
38871
38980
39013
39020
39078
39081
39104
39110
39185
11291
39208
39258
39277
39312
39324
39335
39357
39363
39366
39371
39384
39385
39386
39450
39459
39460
39464
39488
39506
39512
39555
39556
39598
39635
39680
39759
39760
39762
39769
39787
39831
39858
39876
39886
39903
39935
39937
39957
40000
40001
40017
40052
40059
16936
40065
40092
40108
40120
40161
40195
40214
40263
40270
40305
40314
40326
40359
40368
40391
40392
40403
40407
40461
40508
40513
40570
40633
40641
40643
40652
40698
40707
40748
40865
40967
41017
41039
41050
41066
41164
41200
41200
41201
41244
41264
41335
41387
41430
41453
41555
41558
41602
41619
41643
41652
41658
41691
41691
41771
41811
41828
41832
41843
41843
41852
41859
41889
41893
41945
41946
41954
41993
42020
42037
42040
42055
42057
42062
42064
42107
42118
18236
42155
42163
42166
42197
42225
42228
42230
42247
42276
42316
42352
42392
42399
42413
42441
42442
42448
42452
42535
42535
42564
42566
42576
42606
42612
42652
42665
42680
42693
42715
42734
42742
42743
42745
42762
42807
42833
42847
42882
42887
42934
42940
42972
43043
43058
43058
43058
43066
43068
43083
43094
43104
43128
43138
43147
43204
43207
43240
43251
43253
43259
43265
43323
43325
43364
43405
43408
43418
43431
43444
43501
43555
43643
43646
43663
43671
43676
43756
43771
43795
43803
43814
43842
43876
43877
43903
43927
43941
43947
44037
44073
44111
44198
44239
44268
44291
44315
44442
44480
44515
44560
44568
44598
44665
44670
44672
44692
44717
44738
44761
44766
44783
44786
44858
44872
44880
44902
44911
44979
44982
45009
45063
45082
45091
45115
45119
45130
45132
45133
45175
45186
45192
45193
45194
45242
45249
45263
45268
45279
45279
45284
45288
45345
45384
45403
45437
45450
45452
45462
45482
45500
45553
45593
45606
45633
45696
45716
45741
45788
45807
45814
45820
45839
45855
45864
45886
45920
45922
45932
45943
45980
46005
46011
46013
46065
46091
46128
46144
46183
46277
46283
46288
46316
46348
46387
46389
46399
46411
46420
46481
46507
46552
46558
46560
46576
46584
46600
46606
46651
46711
46769
46810
46849
46863
46950
46952
46955
46987
46994
46999
47065
47102
47120
47123
47155
47159
47160
47169
47169
47210
47225
47229
47334
47337
47347
47374
47374
47386
47387
47391
47397
47423
47455
47548
47564
47632
47639
47662
47668
47673
47676
47744
47754
47779
47815
47839
47841
47843
47879
47946
48043
48091
48144
48180
48181
48190
48200
48231
48242
48309
48314
48327
48360
48378
48388
48460
48466
48535
48537
48537
48537
48585
48602
48673
48679
48692
48735
48738
48776
48884
48884
48909
48933
48934
48975
48991
49009
49013
49014
49076
49095
49141
49169
49170
49200
49226
49280
49345
49377
49399
49402
49416
49417
49422
49475
49486
49525
49591
49638
49643
49652
49658
49661
49673
49736
49752
49758
49766
49782
49861
49866
49879
49909
49919
49988
50007
50046
50083
50091
50159
50163
50183
50205
50213
42693
50219
50249
50323
50340
50352
50360
50372
50424
50438
50440
50450
50463
50524
50569
50581
50673
50686
50696
50702
50706
50734
50745
50775
50801
50801
50802
50813
50862
50869
50869
50895
50912
50931
50964
50964
51035
51064
51073
51086
51153
51177
51177
51189
51192
51209
51218
51252
51271
51281
51289
51319
51322
51323
51327
51360
51379
51456
51495
51547
51548
51549
51557
51559
51587
51625
51652
51673
51706
51733
51771
51786
51800
51846
51904
51935
51966
52000
52025
52030
52071
52080
52080
52083
52131
52148
52156
52178
52219
52221
52232
52244
52248
52288
52343
52366
52374
52389
52407
52412
52423
52447
52454
52464
52618
52671
52739
52757
52792
52815
52831
52838
52853
52859
52907
52921
52962
52983
52995
53101
53110
53131
53179
53181
53190
53190
53196
53199
53210
53238
53246
53261
53282
53307
53371
53384
53398
53411
53433
53490
53551
53566
53575
53610
53661
53712
53730
53730
53737
53753
53762
53774
53782
53787
53835
53836
53897
53905
53981
54000
54013
54015
54017
54020
54023
54103
3028
54105
54121
54150
54214
54221
54242
45593
54250
26337
54296
54334
54492
54526
54544
54549
54630
54663
54670
54687
54744
54774
54803
54853
54952
54964
54978
54989
55020
55119
55123
55145
55156
55156
55159
55182
55190
55194
55276
55311
55318
55358
55387
55425
55427
55430
55435
55457
55468
55470
55496
55506
55528
55556
55561
55596
55639
55641
55667
55726
55741
55741
55745
55773
55781
55832
55844
55850
55925
55961
55977
55999
56007
56008
11924
56008
56044
56058
56071
56072
56107
56121
56127
56135
56164
56237
56276
56315
56318
56361
56380
56400
56469
56475
56479
56495
56559
56560
56652
56669
56685
5853
56703
56726
56745
56751
56793
56863
56869
57034
57058
57060
57103
57261
57262
57275
57282
57290
28658
57296
57315
57330
57374
57419
57442
57296
57456
57466
57498
57550
57576
57636
57653
57702
57721
57735
57822
57829
57867
57871
57878
57879
57944
57955
57956
57959
58014
58019
58072
58086
58098
58151
58203
58209
58236
58310
58328
58354
58399
58413
58430
58432
58432
58435
58441
58443
58501
58510
58512
58556
58605
58607
58654
58655
58695
58699
58719
58771
58783
58817
58817
18662
58826
58828
58891
59000
59022
59028
59055
59091
59129
59129
59142
59144
59146
59148
59178
59215
59261
59263
59306
59309
59330
13333
59342
59360
59363
59374
59429
59469
59484
59501
59523
59621
59651
59662
59724
59732
59742
59777
59801
59814
59815
59826
59848
59870
59871
59880
59928
59946
59947
59953
60004
60011
60017
60034
60061
60091
60105
60144
60181
60199
60218
60219
60227
9230
41852
60274
60390
60404
60480
60490
60533
60540
60558
60597
60610
60635
60638
60652
60716
60732
60763
60800
60849
60907
60910
60916
60932
60959
60959
61037
25341
61078
61082
61088
61089
61095
61102
61110
61137
61170
61184
61227
61264
61266
61308
61318
61338
61340
61360
61371
61383
61440
61472
61490
61535
61575
61579
61582
61604
61622
61623
61640
61707
61719
61745
61751
61761
61800
61803
61805
61907
61917
61929
61947
61989
62017
62035
62043
62054
62070
62100
62115
62118
62177
62177
62178
62183
62196
57702
62197
62229
62242
62263
62383
62401
62448
62476
62551
62582
62629
27741
62689
62708
62731
62839
62841
62862
62865
62938
62987
63021
63049
63070
63080
63091
63190
63193
63209
63261
63286
63287
63294
63332
63337
63380
63389
63415
63434
63501
63501
63519
63528
63589
63601
63605
63605
63642
63716
63726
63747
63757
63764
63789
63801
63809
63821
63853
63856
63914
63924
63950
63991
64043
64062
64104
64157
64178
64189
64203
64205
64233
64233
59742
64331
64347
64411
64425
64435
64473
64482
64492
64542
64558
64585
64606
64662
64666
64668
64670
64674
64701
64704
64775
64825
64826
64830
64876
64886
64925
64933
64946
64984
65006
65026
65056
65076
65095
65104
65141
65188
65201
65206
65253
38871
65254
65279
65307
65331
65344
65398
65436
41264
65443
16437
65496
65570
65574
65584
65612
65633
65663
37965
65673
65727
65733
65738
65776
65781
65844
48327
65846
65871
129
65932
65944
65980
65981
65984
66014
66018
66093
66110
66175
66186
66212
66226
66269
66356
66372
66374
66465
66601
66650
66671
66688
66701
66707
66754
66778
66825
66840
66841
66867
66890
66892
66946
66993
67099
67107
67116
67150
67244
67249
67255
67276
67302
9869
67306
67330
67408
67413
67413
46849
67433
67446
67460
67467
67559
67593
67606
39385
67664
67671
55528
67672
67673
67699
67705
67707
67753
67762
67802
67822
67827
67844
67866
67894
67904
67927
67936
67937
67992
67998
68050
68051
68058
68060
68069
68071
68079
68080
68111
68123
68136
68144
68176
68188
68215
68219
68247
68310
68331
68378
68432
68447
68501
68524
68561
68612
68618
65846
68621
68666
68673
68678
68691
68698
32303
68722
68724
68734
68747
68805
68852
68933
68988
69005
13078
69010
69035
69057
69068
69082
69111
29448
69126
69151
69154
69210
69240
69279
69280
69287
69409
69450
69503
69522
69567
69569
69593
69601
69661
69665
69673
69704
69712
69722
69730
69756
69767
69790
69843
69978
70050
70062
70064
70070
70143
70163
70174
70197
70248
70258
70321
70338
70348
70496
70499
70542
70553
70574
70598
70630
70643
70644
805
70666
70724
70731
70799
70827
70914
70925
70928
70932
70932
71031
71056
71090
71159
71203
71208
71248
71277
71281
71302
71348
71409
71424
71448
71454
71465
71468
71481
71490
71508
71535
71539
71554
71577
71598
71628
71639
71742
71790
71806
71820
71861
71904
8736
71925
71943
71943
11312
13824
71978
71981
71988
43138
72049
72082
72148
72199
72219
72220
72256
72321
72408
72444
72446
72469
72506
72510
72523
72566
72613
72673
72683
72698
72705
72725
72737
72787
72841
72848
72863
72868
72876
72898
72991
72995
73039
73087
73127
73130
73155
73174
73186
73189
73299
73312
73313
73368
73370
73385
73430
73449
73458
73466
73468
73502
73504
73544
73547
73574
73601
73639
73663
73663
73738
73764
73832
73857
73857
73867
73884
73904
73928
73948
73963
73995
74005
74026
74046
74094
74095
74160
74160
74173
74233
74252
74312
74409
74410
74431
74541
74618
74662
74682
74693
74710
74736
74770
74806
74806
74815
74877
74889
75036
75058
75071
75102
75106
75113
75134
75171
75207
75217
75223
75300
75304
75305
75307
75314
75316
75332
75335
75346
75367
75380
75409
75453
75471
75531
75584
75602
75606
75624
75647
75655
75657
75673
75723
75749
75759
75777
75785
75806
75833
75842
75847
75849
3446
75946
76092
76131
76137
76139
76147
76187
76202
49169
38980
76207
76208
76247
76258
76310
76325
76328
76335
76348
1846
76352
76372
76384
76391
76421
76450
76467
76477
76526
76568
76576
76588
76608
76610
76612
76632
76657
76660
76674
76685
76686
76731
76736
76746
76788
76859
51786
76886
76948
76963
76993
77010
77056
77070
243
77095
77109
77120
77217
77276
77290
77303
64775
77318
77378
77422
77516
77540
77545
77636
77686
77722
45741
5487
77735
77783
77795
77798
77822
77837
77855
77870
77951
77977
77988
78040
78044
78047
78069
78081
78155
78163
15241
78189
78246
53282
78351
78382
78531
66993
78542
78542
78565
78568
78574
78580
78587
78628
78645
78646
78671
78689
78741
78755
78799
78835
78846
78849
78883
78914
78920
78924
78926
78979
78989
79075
79087
79088
79105
79124
79124
79128
79140
79196
79203
79207
79239
79249
79263
79296
79311
79313
79347
79358
79368
79385
79414
79414
79437
79440
25625
79457
79471
79503
79538
33211
56652
57262
79666
79667
79677
79685
79696
79724
79822
79859
79894
13844
79921
79924
79966
79996
79999
80017
70731
80040
80085
80092
80151
80166
80294
80332
80342
80365
80367
80376
80381
80424
80436
80447
80454
80463
80475
80543
80573
53730
80661
80698
80713
80714
80715
80721
80757
80759
80761
80814
80815
80843
80850
80905
80948
81003
81030
81042
81047
81079
81103
81118
81120
81142
81157
81181
81225
81272
81287
81292
81319
81363
81369
81397
81418
81442
81450
81539
81550
81597
80948
81640
47347
81647
81734
81752
81754
81754
65944
2363
81770
81800
81801
81867
81907
81911
81918
65738
81942
81952
81985
81987
82029
82116
82170
82205
82207
82209
82219
82251
82269
82285
82289
82327
82330
82365
82422
82426
82432
82434
82457
82489
82495
82522
82544
82569
82575
82575
82610
82611
82627
82636
71281
72841
82664
82674
82695
82706
82719
82744
82758
82786
82806
82818
82856
82884
82969
82969
49661
83082
63821
83082
83084
83089
83131
83133
83242
83245
83246
83248
83290
83311
83313
83352
83384
83388
83402
83514
83571
83574
28168
83673
83695
83736
83786
83846
83860
53246
83883
83981
83996
84098
84103
84144
84164
84253
84255
42037
84320
84332
84361
84377
84379
84487
84487
84497
84621
84627
84640
84647
84677
84677
84686
84833
84883
84895
84930
84947
85077
85147
85184
85185
85215
85263
85266
85274
85293
85294
85330
85363
85364
9636
85481
85526
85543
85569
85635
85643
85654
85670
85700
68215
85709
85727
85728
85757
85819
64178
85824
38705
85864
85882
85910
59342
85968
86000
2829
72683
86003
86006
86020
86033
86044
86085
86091
86158
24197
86165
86177
86188
86202
86205
86266
86326
86379
86390
86410
72148
86425
86459
86465
86481
86510
86513
86542
86554
86554
86554
86570
86576
86585
86595
86600
47779
86630
86667
86692
41691
9523
86704
19971
86789
86819
86856
86914
28663
86965
87056
87069
87095
87106
87134
51673
87190
87202
87213
87221
87285
87299
87383
22403
87393
87416
87428
29839
87464
87473
87474
87485
87490
87553
65570
87592
37371
87602
87613
87617
87643
87655
87658
87673
87714
87715
87719
15936
87781
87817
87842
87850
87852
87881
87885
87914
87926
87970
88024
88028
88029
88033
88051
88056
88073
88088
88088
60219
88112
88115
88124
88155
12958
88161
88166
88183
88213
88254
88291
88298
88298
88367
88374
35257
88377
88529
88548
88558
88563
88564
88587
88604
88638
88660
88677
55741
31077
69035
88696
88754
29062
88883
88889
88945
89101
89131
89161
89164
89187
89270
89285
89345
29665
89369
89405
89481
89490
89532
89539
89564
89596
89596
82818
89679
89791
89797
42612
89802
89815
89826
89868
89914
32807
89934
89967
89985
90000
90016
90016
57576
49752
90033
90069
90086
90112
90134
90144
90157
90201
90245
90278
90297
90305
90375
90387
90408
90423
90429
90430
90455
90507
90517
90556
90564
83846
90621
5521
90665
90914
90925
36504
90926
91014
91078
91090
91093
91108
52618
91234
91265
55773
91280
91294
91368
91370
91381
88124
91386
79924
8602
91397
91411
86266
91435
91435
22965
91444
91446
91484
91490
91516
36074
91525
91543
91557
91562
91579
91579
91601
53566
91654
91709
89967
91723
91743
91748
20821
91779
91803
4873
91834
91846
91852
91973
91981
92008
63501
27001
92045
92055
12307
92085
24062
92134
47879
92170
92289
63415
92310
92334
36047
92339
92355
92376
92411
29562
92458
92458
92460
92469
92512
92545
92555
92555
92649
92671
92729
4186
92757
92769
92769
73948
92770
92779
92780
92802
92820
92840
92840
637
3013
92943
92953
92986
44858
92988
93053
93068
93142
93178
93185
93188
93208
93218
93218
93336
93455
93469
93469
72725
17055
93473
93541
93554
93585
85757
93591
93619
93631
93640
38689
93641
93649
93657
93675
93698
76588
93708
93708
93710
93068
93712
93714
93727
33821
93729
93820
93822
93185
93866
93881
93897
93910
93919
93957
41832
93959
68080
8376
93980
94052
94116
94259
88024
94308
94331
94350
94357
94379
91370
93619
94422
94568
17507
94584
94601
94602
94609
94681
45482
94684
94696
48909
94706
94715
94730
94780
47841
94814
94867
73430
94891
44037
94928
94972
94989
95028
76746
95101
55961
95147
95147
72613
95155
94706
95198
95215
95226
95271
35049
68691
95275
95303
62043
95331
92671
95333
95394
95411
95416
95434
89481
95473
15919
59946
95515
95518
95764
95798
80367
95890
95966
95976
36223
32683
95988
95988
49591
96038
20150
91543
96059
96071
41893
96080
16855
96090
96119
96122
24890
96170
10770
96290
96315
96577
96627
96661
96661
85363
96710
96728
96834
96840
63914
96897
97010
97022
89679
97095
70724
97104
97184
20190
97253
97364
14639
97404
97529
56863
97621
97682
38783
97688
58443
97702
97727
97791
69593
97837
97954
31679
97972
94350
98024
98058
77735
98172
39555
98183
98233
98270
73312
98512
98512
98643
98742
98808
90201
98831
34087
98907
71598
98932
73130
98978
99020
94584
45716
99023
26043
60390
99132
63332
99156
76788
99680
99751
