54242
29841
35805
74888
20405
15733
45593
23846
169
16371
14091
73058
56008
43207
11924
76467
30290
89405
12131
65254
86554
38049
90564
42715
27902
21746
91462
85709
47744
52757
83846
81647
92422
84677
20509
18482
46411
95303
89187
4995
6591
39324
14750
42225
30082
56400
24331
98540
16120
84144
63528
74409
34922
57721
86459
92802
23961
3882
50083
60218
50463
62043
29049
26590
91108
20743
62242
25671
63642
11109
62708
14589
21109
87285
92578
70197
52618
18997
58310
41658
31011
84627
29962
87658
97245
87613
94867
34967
94814
11476
39787
42062
73430
99423
42442
76372
19441
58556
85727
59148
92469
50673
61184
62070
97791
801
86188
93714
71925
57466
18073
45249
53575
74026
26144
92460
47334
75314
18369
95966
69601
79667
2003
34156
69593
50213
19884
37845
31072
71751
10602
42693
68050
14416
75036
23891
50895
91236
14160
88298
49013
57282
77977
24421
32278
19130
40508
13332
72219
52156
17815
84379
60533
56044
39759
93881
11675
53905
54549
98950
43877
64876
96661
25973
28516
4134
68378
56793
72220
642
73857
43204
98271
85330
44568
87914
90086
17702
88051
16645
78799
47455
58891
20050
61102
67937
85363
5688
89009
71943
64984
85897
50581
11312
1684
1280
48190
12919
89360
15338
23927
13824
60916
70914
68678
51086
99020
71861
85643
97010
50424
20036
49141
60638
99984
51271
61761
94584
99922
46606
19600
28714
94602
43555
89539
31510
79196
57419
26838
33190
94609
87852
32342
40513
36764
58441
7392
66650
59880
49416
36344
19811
23104
28116
57315
51327
43066
34238
993
45716
88033
75134
91562
58783
80381
11672
79140
94882
68673
14458
9470
31576
87473
52962
93708
27722
55182
83996
98464
12858
22432
94568
26881
90556
13343
36314
2155
21892
5757
31067
17507
77722
93363
45741
56276
29226
42055
40652
30603
14840
43927
50352
43947
40017
84837
5487
64558
80573
414
95583
63801
38833
71208
50745
67099
69057
28840
13849
48738
34322
76526
53730
56058
1772
93053
99583
69154
99023
26043
86819
40748
189
88529
6546
67249
15605
52447
86585
45807
60480
84320
51192
73857
16676
50869
20896
82489
49782
68144
85654
89564
83084
38239
10199
72506
27633
5715
11639
11048
90033
66093
96290
93980
65076
43876
52739
33317
16648
81397
99586
516
42742
75207
55496
57034
45943
10233
82495
54000
32256
36363
11669
63501
73368
60390
12863
78040
83082
67433
81369
62938
42197
35153
86571
31662
13537
51587
12392
67672
63821
409
44560
50912
67844
80040
92757
47754
64205
71978
20251
94259
77217
60716
99673
90665
88024
41430
40092
97095
3612
52178
63434
55596
82207
46651
49475
96119
80713
3139
31044
78081
66601
98465
9638
43671
68524
80342
5283
67827
89164
91834
83736
67446
15520
64104
28070
70724
5169
87075
41843
48091
95852
60227
9230
9009
41811
45119
68111
21898
34191
16536
41852
30355
85728
30400
93640
72446
59732
35942
51733
48378
52374
78047
99195
16654
44670
40403
38689
77010
61095
73313
16648
7049
22205
34639
46600
30431
7829
82706
4241
56380
81079
34678
37459
92770
44598
83786
38297
56072
65984
5932
9104
17779
46288
63853
4390
302
30945
71424
6830
97702
9117
57956
65344
90245
10164
82219
88604
67593
36264
50438
85263
74815
51557
54544
71790
96577
76686
63380
22591
24970
82674
61371
58328
26354
46558
25750
68447
1451
28076
41828
79440
91062
25625
82560
81597
5282
80948
523
80463
87842
32721
91601
94251
59306
53566
76187
70064
32422
20013
67664
52221
10391
7504
25896
9776
26411
14947
73039
40392
80759
3395
1363
23244
51252
95709
86410
21060
72148
86465
62178
8261
77855
15156
26470
25035
88558
91397
47946
36030
79203
16823
52148
11191
41859
36669
75367
97916
85266
91973
63021
95271
35049
64203
37632
10181
42934
27758
8981
74618
76208
34783
23493
62177
38452
22805
22681
23985
40641
67998
17010
98236
36142
42064
50163
72049
16643
34942
1899
15873
37242
90278
72995
58014
68691
42535
28896
10911
91726
65871
24597
129
11305
71090
86600
12424
14454
76632
91423
47779
92055
18477
57959
22701
1753
88028
62177
88367
59178
99445
67753
33602
70553
43147
30629
12307
48585
10971
62118
76576
79921
80294
81918
11103
1971
63519
38718
88765
52343
51360
65738
75171
76963
80151
41244
46389
59801
10494
57330
29525
17933
17448
39957
8804
49377
17271
50183
1672
93983
91435
76328
95913
47123
22965
24676
40214
17635
64585
61308
7333
64043
914
53712
81911
11929
73663
46950
26137
8386
47387
5114
93959
55999
85147
323
97803
92840
68080
47229
13667
80715
45980
40407
69569
26952
61089
64411
8812
65932
90069
65398
1027
12840
93554
73764
71554
78926
6186
31065
95805
46952
49879
21166
50249
24404
31152
34310
6330
34464
8376
88155
92775
12958
25969
70666
67306
77988
24878
40120
73155
8835
9990
45855
60732
41889
33123
64826
87655
92085
18394
24457
84164
59263
86006
61440
93151
65633
59469
11634
42166
24062
52244
36406
69111
78606
35950
19315
29448
45115
33311
77070
40161
27067
87840
65612
243
92170
75531
94982
29036
55427
18933
84361
26546
34170
22139
61318
87213
83514
24213
82205
93218
10102
4968
19040
97593
19342
8760
84487
85824
33344
86906
79696
29064
25576
1095
38705
15661
10198
14988
61340
79124
86091
64542
25741
4525
16943
44268
90387
14647
6833
58413
92729
20034
13564
11864
53551
63856
69843
26130
5626
6357
81225
51073
63924
35294
65279
91743
43265
15662
65307
61707
22960
93090
32321
27674
41643
61110
14737
91723
37691
92545
23100
71031
4186
42940
33220
87719
96886
16992
9808
15936
543
12556
92008
75673
99662
7558
39635
63501
18865
64473
52907
9484
90423
11644
85882
58828
99637
78580
83571
28828
59826
57871
53199
27001
15509
59953
75106
21498
3785
70925
37945
16966
4203
42665
19123
54214
12848
57955
79385
63764
26517
12082
43803
11090
50340
32613
42057
18136
47391
13576
69450
63589
59501
43814
30781
64662
49758
24744
80714
94357
7325
96122
87715
14665
12689
8527
7516
53835
32271
5435
12804
55641
58432
71742
84895
58019
93675
62017
21378
5442
45279
47673
78155
69704
30718
36488
6202
79859
1225
8194
44783
3740
94308
98189
36097
13580
81734
57058
87416
66701
43104
34033
76137
29438
26791
66465
45932
88161
13600
19156
67866
74095
51495
26024
70248
73867
96059
24890
53307
61907
75849
48934
33703
6450
15444
21385
52232
64435
30430
56135
93148
32176
3446
82569
94011
87881
71454
22814
84947
45009
25399
24962
14661
92289
41771
60540
15574
79088
63415
12961
88179
81754
41619
25846
42564
31324
10496
53490
4491
60610
13965
85090
34362
65944
293
85606
42734
34301
12088
985
57867
81142
54020
26127
6037
73663
61472
8567
38377
2363
42118
26783
36022
32012
27003
83062
18236
8990
33628
6540
43903
5598
21670
16918
57735
23433
86753
78574
36407
69151
17354
55832
48679
82422
43676
84255
21409
4490
61338
63261
42037
99314
92988
249
93657
33646
7348
58699
22977
24060
10076
98907
42230
49866
56669
21448
61078
39366
38558
68612
75785
89490
22279
50524
94715
1875
86033
86326
37466
5544
18445
84883
71598
54103
72365
3028
29455
12771
90259
88088
80424
68058
11252
47843
42887
49643
93672
60219
32509
34325
79249
71468
21848
82330
26213
50219
45082
30642
54105
69240
26902
76092
71628
47548
6855
70799
93710
69010
54989
44111
60011
6978
11173
61947
24696
43240
15555
78755
18361
18676
56495
62839
71820
81418
64825
35419
55318
53897
85274
62263
85543
65673
97161
37962
93068
90429
76886
64606
64946
12345
70598
82806
66226
10989
18028
64933
11645
84686
72705
93208
26693
13718
48735
63091
29989
87106
85215
72698
9422
69722
76685
59429
59055
31309
61989
61751
25281
51706
37837
38184
12556
94891
911
24509
71577
69756
60849
3801
77686
17978
73458
50702
73087
5862
70499
64492
46863
26072
93919
29210
36930
97760
44073
34210
32806
9736
87617
44037
68734
8854
6754
6896
79538
99502
33211
75847
31191
28147
48360
1118
76310
96558
56652
1127
45820
1223
22733
31461
74046
30480
62476
32447
10438
23522
79808
26960
77822
27774
57262
13915
36760
65206
73127
60091
42807
87428
16830
51289
27294
92984
34020
27735
62035
29839
28546
93641
7664
10942
39762
28611
54630
27886
34299
35725
32302
31426
12423
49652
24333
95764
57442
45242
44738
79325
17425
36717
57296
28851
30797
29429
19203
28844
98043
37799
92769
38209
28777
27671
63726
49486
75335
7658
53787
87926
58719
12713
57261
67460
75602
80721
1222
72876
84497
45384
81042
55119
60181
22506
99375
13757
43323
2977
17753
35605
66175
24307
32690
45864
49076
65781
59947
4860
88254
17630
61490
20269
22380
36694
43128
85293
55925
53261
73948
19147
54670
96840
63193
74770
79685
92310
89802
74312
43325
39104
73174
2359
29094
93631
51547
29385
50360
8712
94331
35116
24140
98434
76477
51189
87095
51800
87714
92512
77540
63914
39110
12534
69005
64670
94030
61575
13078
24948
48692
52983
78246
15255
20107
94005
53282
44239
75409
53190
81640
66867
7889
49345
43941
85147
11410
71539
25043
14516
75584
29378
47347
42413
19349
3631
65443
87631
52131
16437
60635
97801
44480
78382
12970
16264
3375
95988
86856
11558
21255
97220
95416
57498
53730
511
30333
44717
11972
26859
11381
43501
11046
49591
86165
23578
16798
51771
40195
82269
80365
84253
4266
52025
11396
8880
66110
74233
46420
93591
60652
51625
26417
2312
83133
69409
15042
81003
79239
72444
82695
13473
61360
21447
79207
98978
5952
63605
95798
47839
58209
50862
61535
44902
29206
4808
59028
98403
78069
67822
80367
58435
610
27356
81987
91444
74410
82285
48388
75305
47225
55468
41200
51322
10392
58086
24088
28903
71110
58817
11567
36701
83858
18662
6606
68722
78163
66841
66754
93514
76612
15241
66707
53179
17182
78883
79313
92334
38100
55425
12381
2812
87781
28736
97393
59000
7810
36047
56685
76780
5853
59651
49919
91771
64233
40391
15566
76453
26900
37649
39460
41993
59742
61264
33429
25188
24276
31106
91280
52248
79822
89345
85185
66825
8897
63389
61088
76608
29665
68805
47386
61170
38487
3455
94681
56475
1851
36055
65331
164
2958
75316
78924
45284
3127
23334
33705
20290
33336
54492
99378
72408
12396
87602
1987
59091
33983
84103
21744
21623
45482
25132
11858
13183
71625
24281
8049
21507
96315
30586
4880
97682
98774
25830
49200
38783
39556
97104
87202
52792
95198
93910
92045
32720
17091
9719
66840
23359
71508
66018
60404
59871
2160
14697
17769
55159
40263
99732
89596
18037
73502
55506
61082
33428
75102
10475
77795
87069
46584
73904
62197
42762
35321
34356
88660
52454
30598
22452
97043
52464
2453
27921
82818
25886
8999
58399
34037
64701
30373
74806
46316
46711
54774
3493
66212
14638
7899
91078
98009
50372
53384
48460
1942
95101
65727
2010
87643
59484
41066
11341
94730
50091
92820
55961
15566
74710
60004
1618
82664
55190
50775
22785
6743
73547
73466
63190
32643
43043
45633
89532
43431
71639
90375
91368
46552
62229
75842
53131
89270
79128
6082
56007
83695
58771
40326
56318
76202
68621
22714
12198
53238
88805
49169
48537
816
61623
87995
55977
30987
5591
38980
88945
3711
32954
92649
8038
99152
97621
20183
45452
40698
46013
97954
65733
6134
97837
31679
38404
6412
91525
97022
23232
99893
89679
65095
12516
61803
35070
40368
52995
80815
29679
1080
21769
77783
30674
44291
31596
49170
27553
28339
15649
75833
53774
56479
95147
2868
4092
15794
76079
9990
85700
91459
25987
68215
42392
43405
49988
30460
13443
23882
45063
14020
12015
21937
54023
75777
72737
92840
53181
45553
46399
82856
57550
8233
95089
67116
20190
637
35269
20309
84930
55726
79724
36766
22099
57456
3171
68310
39903
48535
11116
52831
7321
32510
28346
97026
74736
81907
43756
8429
33374
41602
13776
19435
88183
51549
3049
44766
28769
3013
5131
51323
59330
52407
40643
80449
13333
8918
83860
57944
21815
34384
90684
70338
53246
71248
49525
10049
48776
67936
41335
74693
1969
71481
73370
9487
12671
29481
37594
63080
88056
70143
81363
87383
92851
3189
15436
22403
99660
31515
28464
93957
62448
68060
30455
41832
97848
75759
5731
97184
23955
34909
80166
93541
73468
51177
93729
83242
48043
78689
85864
20190
73639
49280
18881
56703
23865
17629
82251
29621
94780
88115
80698
99058
68432
40270
47841
55844
59309
79311
73385
63605
17877
68988
87485
39935
18210
60199
45192
35215
25759
88377
93142
35509
46387
16155
35800
55781
82744
84833
23651
91981
53737
98932
11416
98643
34201
27162
2237
73963
40865
16579
93866
99730
93649
96627
76993
10410
61800
62183
31508
19282
69503
85670
73130
64704
54687
65253
43068
71390
29651
38871
91386
8063
83384
58512
18795
91996
17840
79924
86513
90000
45462
51456
31275
84332
29804
15476
68852
39831
76657
10012
26761
93414
55470
8602
99751
62100
35343
39858
402
58430
79471
50706
11411
26494
81292
2491
90297
96897
19385
56560
32576
54663
58098
39450
29295
67255
31914
12053
20859
30141
3745
53371
63209
54017
27794
39371
29233
12196
90792
67606
7646
39385
31792
96038
96786
21118
24809
20650
51846
20150
3416
35778
21902
9445
42680
75300
5211
8167
3823
55145
52859
61805
28060
81752
95515
87221
63757
74252
67244
24965
79437
99332
22435
92355
53433
51559
68123
34260
88563
37969
80661
79503
42352
36575
42847
69661
39277
4115
28563
94928
25983
88548
18806
33597
20775
39078
13985
91543
45091
41201
68188
51209
18786
35184
49766
42448
20752
63337
80017
22995
10223
89156
70731
73504
67559
41945
71159
82116
12372
37851
20602
32454
11645
19675
21137
37920
86085
35418
97727
17499
28122
33998
81445
59815
46987
74160
37738
94580
27063
14688
40570
6223
37536
79414
29227
35452
10335
73574
44442
99213
61137
98831
1908
47676
86510
58432
5489
95275
38234
34087
55194
98709
70932
94072
9643
86000
2829
49014
96148
84098
787
62401
67705
14749
72683
91516
9210
82457
34364
88889
12652
94988
68136
37796
13638
14056
62582
80905
30424
75217
36074
35842
86390
28889
24791
45345
48466
92411
27659
50007
72199
87056
56008
7039
75058
9457
79666
73449
38683
99529
56164
14630
31602
64886
75453
78989
3284
39357
86425
30729
70348
9159
29562
69279
63286
32219
837
72991
91327
82969
51177
54150
14472
30064
53753
33485
92777
49661
58203
76147
55123
87970
40633
99010
81550
98270
48309
3296
16769
58510
96090
45268
7887
73312
63789
31154
52030
95951
82786
89797
42612
45920
68331
6808
28602
10744
12043
67330
66946
16984
27817
55435
48933
14198
51904
69567
14341
52921
35283
78542
4113
42576
54334
81118
8519
47120
96840
47374
84179
14633
65844
48327
36054
53411
32790
8801
86626
68698
59363
32303
79457
54803
82209
87592
32502
19098
81181
24083
5499
53210
95900
60558
49673
58072
8745
37371
37495
92780
38701
34856
4313
94684
25277
22457
6953
68247
8813
26932
95331
46955
71490
61929
11915
94052
82758
20188
85481
770
42452
98257
71348
21077
43058
39506
83245
93336
89791
92671
89826
8359
73186
67699
50323
3294
76610
16463
71409
43663
19572
37062
18274
58655
68111
75749
29986
29183
91484
98172
87299
37666
98024
28076
91093
99871
5659
93455
46560
4453
39555
19903
80814
67413
17258
93284
59142
46849
71
79966
10355
97568
8592
94379
7747
91370
74541
26101
62731
67894
61383
96315
15208
83246
51935
7195
90144
27339
67707
16153
42535
93619
29339
3982
65981
37867
45130
21871
37845
91803
22064
48537
5873
26973
95748
36214
4873
98432
28767
78671
16842
74431
95147
8654
76731
39386
20347
75471
66778
65006
80436
39459
72613
21526
87817
33504
86965
98077
51652
11400
13029
66014
11840
6515
22576
82426
26260
93820
33304
49909
53610
59814
5987
6766
32333
75113
22112
97529
8193
64157
10856
80475
67276
62689
56863
72321
3602
28201
32345
34046
45886
45922
25433
18879
86140
77378
4789
82636
5445
71281
97525
64925
37713
59662
78587
81942
52080
3488
13180
25889
75380
8730
80332
69767
69126
72841
9464
34346
5657
9437
22541
86658
34908
27474
88374
94642
59848
34426
31362
21798
35257
49736
72868
40108
69082
45403
27988
15179
4281
92134
52083
75332
41946
51064
91852
94212
47879
61037
46005
15204
97988
22864
60597
25341
70496
90507
75071
80843
39208
6317
59261
98877
56726
91446
12712
8437
40967
36002
2963
90914
92779
46128
48200
96728
37493
9261
98058
63049
13905
91490
29817
60034
43253
18583
7028
24580
35120
31650
33305
57374
79296
86576
73832
43364
12416
52815
71302
77870
12190
34261
82365
20174
66890
65201
65056
95215
2154
36812
46283
77735
95434
52219
33769
49402
31473
1700
85968
17803
76335
96619
40
64062
31219
54296
89481
59215
27353
31846
72673
16713
7104
3978
99156
66372
99546
6910
21758
28638
15484
49417
76788
21973
31893
25581
24745
36862
97660
24045
17260
1285
96834
31513
6895
39937
88166
98808
95394
18099
30119
6320
78846
18779
98932
22676
30493
24727
6463
68747
21606
41017
46065
90201
14952
15332
9143
55020
61692
15203
59129
46277
96204
66374
7371
91265
87474
64666
55773
55556
84377
36227
41453
55457
38720
33528
5693
75655
4477
99036
70174
16555
20766
76660
92555
80814
23146
92458
51379
33516
52838
22365
67150
22912
97364
99971
2640
45175
22710
51548
3100
29584
41200
14964
52080
59724
17996
88564
14782
47639
85526
86789
37786
95411
58695
11075
14639
43646
44672
49658
40461
71904
89996
8736
61917
92339
11560
62383
52853
39598
8191
97404
70630
46576
15949
3385
18994
96710
95333
15491
22044
1017
14798
25161
5368
21399
73928
95226
4481
42620
23724
31529
20841
52412
60274
29664
25515
24336
72332
15198
65436
43259
41264
78351
77120
91512
38643
55430
83673
82434
86704
31641
83131
20863
76391
30873
10651
55850
19971
34829
29829
29692
2964
68618
70284
65846
85819
62865
5500
1517
82884
95717
46091
64178
30125
24487
34414
74877
20741
5232
26985
94261
39760
92458
93822
79263
34951
33643
30599
93185
64668
81103
5054
75346
27931
22418
36057
66688
20844
69287
50931
31229
16148
90455
97253
65574
55387
3993
8276
86481
30633
77290
93188
21011
1674
83402
2763
99116
17297
17971
18112
98512
71448
74806
95473
72082
30949
30452
55156
59022
98696
80757
88213
36660
46144
69673
15919
55276
37278
20729
87190
60490
37762
60105
19824
27376
93473
98860
16676
22778
81800
78628
59946
58826
67802
85364
69730
21904
87285
9636
40001
85910
30547
60017
91142
62054
56237
59342
61579
39512
24505
37595
951
60763
32628
81952
36688
47423
8794
11526
39886
60061
80850
82610
10250
67620
24583
34111
85461
29505
50801
76087
62629
522
41555
58605
25354
26311
27741
19418
25407
50205
17681
95155
78044
11992
99074
86595
50569
90517
31705
75946
39020
93897
94706
44786
76131
70258
24419
81801
86542
97688
80092
72256
91779
38846
56745
77951
52389
56107
18005
26850
49422
20304
34537
43444
34569
32918
25970
21831
21085
76325
17313
60910
42020
98067
58443
77303
95194
64775
42833
16583
37392
77545
9530
28755
75647
90504
24380
44665
89914
32807
8153
68666
99741
16261
24166
97972
87490
15335
42247
17279
51218
86020
36726
77636
11384
94350
78531
85397
66993
92376
16597
4365
99680
35336
76207
49861
26590
40314
90926
9168
4526
37134
20174
68724
57103
34895
8587
10790
83082
7073
54853
22176
38123
36902
53981
38689
37261
90925
24253
69665
9166
83352
6548
8815
31618
45193
60959
31818
20675
38792
93379
36504
20453
23987
3670
91846
90408
6467
4157
16701
47815
89815
93712
32413
53101
42399
69210
98233
37479
74662
74173
11214
16532
12829
67762
22817
93178
45696
85294
74005
48242
45288
39680
91557
79075
27724
10198
1732
53196
47668
39488
25358
56315
42652
45132
61227
51035
64674
88112
84640
57290
53836
39335
75857
44872
42745
28658
67671
43083
54978
2272
39258
79312
14508
55528
81867
69068
99469
2675
59777
59360
67992
51319
24974
70827
18727
55741
99132
25337
65188
63332
36458
81721
50964
92447
54013
15917
90016
44761
89285
92666
86177
47065
54221
79999
57576
52000
9310
67107
87464
36015
94033
49095
78849
44198
79087
46810
74889
10407
1159
88587
49752
92953
45194
11161
82544
55561
1415
96071
48231
10442
7646
96779
17651
30525
78979
41893
46481
26860
50450
3917
4178
72848
94601
35973
21475
11762
53190
62862
47159
13390
79677
53398
78835
7252
32278
47662
72566
59144
15522
29050
53762
47210
39384
7234
16363
23248
65776
33510
42107
35727
74682
89934
18208
88696
77276
24126
79347
54526
1703
13001
77318
94422
24533
88029
54121
47160
87553
99196
65496
45186
65570
25899
68933
15388
81157
59523
14141
70070
52423
60932
14714
15181
27532
64425
47397
41164
8222
10327
78565
26575
81030
43408
38121
81539
28768
86692
37613
45450
21822
58151
95052
41691
3612
10813
95139
2341
46011
40305
55358
9523
12092
34181
24481
75723
98906
57060
78645
83313
13252
70643
89101
11465
44982
49638
91411
86266
41652
81904
48884
3405
31875
14130
15973
13909
16611
55156
70321
50440
42316
4529
81120
89131
21443
11948
8965
93837
92986
87393
39876
73738
13538
81047
63070
45263
13453
18289
44858
53661
27300
40707
91090
33734
81442
42882
75223
85077
73995
16340
76258
96170
94989
6023
13817
71203
19729
15582
12378
43094
64830
11397
80454
43418
15115
10021
71981
15974
72510
96435
10770
39185
17893
33763
91610
15321
23568
11291
62551
54015
99913
86914
17643
48975
50802
28663
18428
50813
17050
90621
43795
75307
24027
54964
71056
81287
22931
6755
19373
95633
65980
5521
8813
5146
54250
4660
87809
50696
26337
76736
35063
63991
8241
10145
76384
93818
82575
63716
25820
29694
93585
35695
20581
71535
23301
61745
44692
72787
74094
97812
32307
65141
85757
66671
40000
7485
22888
81272
23643
82522
56361
67927
4813
33857
78646
5813
68501
41039
26520
73299
67408
87850
810
29911
44515
26790
65104
78914
73544
91748
83089
95741
10003
20821
68051
68561
90112
2140
29490
50869
64347
29137
45500
76450
47564
25985
46348
82627
45437
26963
81985
61640
39081
23654
2746
29498
65026
90134
91280
88073
56127
14429
69712
14272
6049
75606
55667
48602
67904
76348
34268
97390
1846
99249
70062
13446
94696
58236
12807
42606
48909
47337
29885
36231
25564
30036
66356
57275
53110
69280
39769
41387
22029
30274
66269
31940
47632
40059
2705
33040
40052
13986
76571
16936
92704
72863
42163
46183
77109
20020
73884
86554
24632
57879
64482
95028
88638
69978
77516
50686
98835
76139
71806
62987
77798
15094
56559
76746
71988
30729
6913
57653
68176
73264
43138
9894
6924
10399
50046
95976
19559
99694
36223
64331
22291
91294
41954
16114
32129
86202
24375
68071
21420
67673
78741
35471
57822
82719
63287
24663
18115
62115
37303
78189
75304
11052
91014
24236
92943
48180
59621
83311
88883
14158
96387
42566
7218
8708
25971
91654
12539
48537
20744
17019
48181
29582
44880
17081
81770
77056
32683
39312
50159
78542
40359
63294
49009
21432
83290
69790
16989
85635
97658
87134
72523
51673
28348
98926
23720
82029
84647
31604
93727
13468
29588
26493
26180
55311
39013
15054
64189
33821
65663
74520
37965
87885
88677
95402
55741
37242
61266
85569
71465
93455
47155
82170
31077
82289
17374
52071
35530
14492
82611
95360
65
57829
12078
8337
86379
33279
45606
69522
69035
11610
49957
14292
52944
2501
10084
17654
10082
62196
29443
61719
39464
64413
6114
57702
11956
83388
382
83574
19788
53782
9995
25869
9878
41050
42155
29852
87679
31331
75624
28168
12584
41691
35028
81319
84621
31066
26490
5126
86003
16940
27872
98183
28302
83248
94972
30728
20716
79996
70928
95518
36257
47102
88291
26145
65584
23294
79358
4672
15347
36575
80543
98742
78568
99972
93469
79124
59928
44911
87673
4094
35876
97444
33694
16082
77422
90157
72725
24226
89985
2103
56071
12899
51966
56121
45839
9310
73189
97684
43643
33092
42972
61622
17055
90430
48991
14041
41558
70050
13988
78920
49399
73601
553
162
48144
58654
733
46999
40065
7097
392
56751
8823
17929
24727
59146
39363
89161
54952
43842
26455
42441
30574
89868
45788
51333
47169
6846
97235
88754
29062
37738
30118
27765
76247
4809
49226
59374
52366
13459
98388
15569
70163
66186
72469
80085
38303
35190
43251
7781
71277
60907
58501
91381
88124
34343
29770
11150
63747
42743
77095
38730
46994
89369
28347
86044
7072
29564
95265
15974
12407
42276
28514
50734
80376
22666
42228
19946
83883
82432
33938
42040
12136
58354
62841
10730
91579
37480
19741
52671
76696
13960
67302
9869
76859
98680
2282
20474
32506
5537
8584
51786
12393
68079
59870
44979
81450
5557
680
66892
58607
83981
45814
61604
77837
91709
95496
89967
11487
51765
2729
90362
70644
56469
805
60800
79894
26284
24551
25333
96984
43771
13844
60959
44315
31639
93982
68069
22717
86158
1478
85184
75806
79105
51153
63950
60144
19567
24197
16613
81531
43058
90305
57636
86667
93698
55639
56869
82327
54744
86630
22127
61582
70574
38264
79368
80447
48673
16532
2120
10405
76568
55745
75657
45133
45279
80761
48314
96390
76588
76421
95890
94116
76674
68219
37697
51281
76948
10480
72898
63601
63809
25563
1485
96080
86205
13672
86570
7498
46769
29142
76352
57878
13465
70542
96747
11568
67467
52288
46507
91234
16855
