4
25
53
53
84
104
105
105
115
120
138
145
159
161
166
169
184
189
190
196
206
228
275
310
310
311
346
403
408
439
459
469
474
488
495
524
619
632
640
653
670
718
720
733
745
751
782
800
821
823
846
864
869
907
907
912
937
939
942
983
1013
1016
1053
1062
1084
1091
1099
1099
1149
1158
1161
1168
1174
1176
1183
1195
1218
1222
1230
1238
1238
1285
1286
1293
1332
1344
1359
1389
1413
1414
1439
1447
1465
1479
1500
1534
1568
1574
1582
1585
1595
1596
1611
1613
1620
1644
1653
1660
1667
1696
1717
1721
1726
1748
1753
1764
1774
1779
1785
1816
1822
1824
1828
1832
1896
1898
1916
1939
1939
1965
1970
1986
2004
2023
2039
2060
2067
2127
2129
2150
2158
2180
2207
2228
2237
2241
2249
2259
2272
2309
2320
2344
2408
2433
2436
2437
2497
2518
2580
2599
2612
2620
2644
2656
2676
2694
2703
2732
2738
2746
2774
2774
2777
2800
2803
2807
2836
2847
2878
2882
2902
2908
2908
2922
2942
2960
2990
2990
2994
3019
3025
3029
3035
3049
3051
3073
3088
3116
3123
3127
3129
3150
3169
3169
3188
3204
3208
3212
3213
3226
3228
3299
3308
3329
3347
3358
3361
3425
3468
3487
3522
3545
3558
3571
3582
3613
3656
3667
3671
3673
3694
3707
3708
3733
3746
3764
3777
3790
3801
3823
3841
3844
3851
3855
3867
3902
3908
3920
3928
3930
3934
3978
3988
4007
4010
4023
4049
4067
4096
4115
4130
4161
4162
4162
4172
4183
4183
4250
4280
4322
4358
4371
4373
4376
4379
4456
4462
4485
4487
4492
4495
4587
4590
4592
4595
4613
4625
4640
4711
4733
4735
4744
4754
4764
4767
4771
4775
4819
4835
4835
4844
4844
4859
4929
4979
4980
4998
5003
5006
5007
5033
5034
5048
5052
5082
5089
5110
5112
5136
5159
5177
5197
5198
5205
5215
5248
5278
5301
5327
5345
5352
5362
5454
5478
5498
5534
5549
5556
5557
5575
5608
5613
5616
5631
5682
5683
5684
5706
5712
5718
5725
5725
5734
5786
5787
5788
5810
5844
5860
5899
5911
5961
5973
6003
6024
6034
6057
6058
6072
6083
6101
6127
6130
6143
6191
6198
6215
6216
6224
6237
6247
6265
6266
6276
6278
6281
6297
6317
6318
6335
6355
6368
6381
6416
6419
6439
6443
6466
6485
6488
6495
6498
6498
6507
6531
6551
6553
6562
6623
6636
6681
6681
6690
6699
6706
6718
6833
6840
6854
6874
6928
6932
6937
6941
6946
6960
7008
7021
7023
7052
7059
7065
7085
7113
7131
7135
7147
7149
7158
7171
7173
7192
7201
7217
7231
7231
7235
7250
7250
7285
7318
7335
7379
7385
7402
7461
7489
7506
7511
7515
7521
7535
7556
7619
7621
7625
7638
7642
7656
7740
7755
7780
7792
7812
7820
7840
7889
7891
7901
7902
7936
7948
7968
7971
8003
8043
8070
8075
8167
8176
8187
8223
8237
8257
8274
8302
8310
8336
8360
8365
8369
8376
8382
8390
8397
8423
8429
8494
8531
8538
8540
8542
8558
8562
8563
8565
8607
8612
8621
8631
8650
8663
8674
8678
8743
8753
8795
8826
8826
8839
8841
8870
8922
8923
8934
8938
8942
8946
8976
8980
9000
9003
9005
9050
9052
9060
9101
9154
9161
9174
9179
9197
9228
9253
9307
9307
9311
9318
9330
9338
9338
9359
9368
9373
9378
9392
9402
9405
9418
9454
9479
9487
9497
9506
9519
9524
9542
9554
9558
9628
9631
9646
9646
9659
9681
9688
9724
9724
9730
9735
9746
9770
9778
9788
9808
9816
9860
9883
9913
9955
9956
9964
9988
10002
10017
10038
10063
10072
10089
10105
10111
10146
10157
10157
10164
10189
10190
10195
10218
10223
10281
10298
10340
10373
10410
10413
10425
10441
10450
10462
10465
10475
10483
10536
10544
10556
10586
10594
10617
10629
10677
10709
10715
10718
10731
10763
10790
10822
10829
10830
10856
10872
10905
10912
10937
10972
10981
11012
11026
11067
11088
11107
11117
11138
11148
11181
11202
11214
11232
11236
11245
11259
11297
11320
11326
11327
11332
11332
11400
11451
11475
11492
11493
11513
11597
11607
11623
11625
11638
11645
11671
11675
11764
11806
11810
11818
11819
11843
11844
11908
11911
11923
11934
11952
11954
11972
11980
11991
11995
12015
12022
12058
12068
12113
12156
12163
12183
12195
12215
12240
12264
12268
12269
12315
12347
12347
12364
12390
12402
12471
12486
12505
12508
12510
12544
12548
12553
12559
12569
12594
12605
12608
12609
12610
12613
12643
12656
12666
12671
12676
12677
12678
12679
12684
12687
12688
12702
12798
12820
12822
12863
12867
12869
12874
12904
12916
12931
12944
12958
12961
12966
12982
12985
13058
13059
13066
13131
13135
13150
13152
13157
13178
13179
13188
13201
13242
13247
13283
13287
13317
13340
13341
13366
13368
13379
13385
13405
13419
13422
13424
13432
13434
13444
13454
13454
13463
13488
13491
13512
13524
13533
13541
13565
13579
13596
13598
13598
13613
13641
13641
13646
13656
13664
13678
13680
13686
13690
13720
13744
13750
13789
13826
13890
13914
13925
13938
13965
13978
13984
13984
14032
14034
14039
14075
14077
14085
14093
14107
14136
14158
14189
14243
14257
14258
14260
14263
14268
14307
14311
14338
14360
14390
14398
14415
14424
14436
14457
14500
14524
14528
14529
14536
14548
14565
14570
14589
14597
14597
14600
14601
14609
14618
14619
14623
14636
14671
14707
14722
14726
14730
14749
14755
14769
14773
14784
14798
14807
14837
14846
14847
14848
14860
14863
14864
14865
14873
14879
14903
14911
14915
14925
14930
14937
14958
14986
14997
15004
15026
15031
15045
15077
15084
15144
15192
15199
15210
15217
15225
15236
15256
15263
15270
15277
15319
15322
15325
15327
15351
15372
15404
15405
15417
15423
15428
15435
15443
15449
15449
15486
15492
15495
15509
15512
15522
15525
15529
15589
15592
15626
15636
15662
15664
15688
15688
15697
15725
15727
15732
15766
15807
15844
15853
15898
15929
15934
15959
15985
15988
15998
16007
16039
16043
16050
16053
16055
16116
16128
16135
16167
16186
16193
16219
16236
16246
16262
16294
16347
16355
16370
16379
16382
16401
16412
16417
16427
16432
16456
16480
16495
16532
16589
16593
16606
16646
16656
16657
16716
16733
16774
16781
16829
16898
16909
16909
16925
16966
17010
17026
17077
17091
17098
17105
17137
17137
17138
17176
17185
17187
17210
17225
17231
17233
17239
17263
17274
17323
17350
17351
17386
17397
17398
17406
17422
17444
17522
17524
17572
17626
17629
17646
17691
17725
17749
17762
17814
17846
17858
17878
17881
17891
17905
17908
17928
17982
18057
18063
18165
18176
18180
18187
18199
18216
18279
18293
18296
18300
18352
18359
18359
18360
18375
18389
18416
18439
18442
18451
18459
18497
18500
18522
18535
18562
18580
18586
18602
18622
18626
18626
18631
18661
18687
18704
18708
18753
18780
18782
18791
18805
18810
18811
18817
18825
18840
18852
18854
18870
18884
18914
18943
18953
18961
18972
18984
18998
19005
19011
19014
19025
19029
19037
19061
19062
19066
19078
19107
19133
19166
19202
19212
19227
19233
19236
19253
19266
19277
19288
19302
19316
19322
19331
19353
19354
19427
19435
19447
19448
19471
19476
19479
19549
19555
19560
19580
19580
19599
19640
19641
19699
19709
19742
19778
19805
19824
19842
19848
19850
19862
19863
19865
19889
19915
19917
19919
19934
19934
19984
20005
20007
20039
20052
20062
20081
20115
20131
20143
20146
20156
20160
20181
20192
20202
20221
20253
20254
20288
20301
20301
20316
20338
20342
20369
20375
20378
20381
20419
20422
20449
20451
20452
20481
20496
20496
20497
20514
20537
20551
20574
20580
20587
20596
20600
20602
20623
20644
20677
20688
20726
20729
20760
20762
20774
20779
20790
20797
20799
20801
20802
20838
20861
20869
20875
20917
20949
20966
21018
21037
21060
21064
21067
21072
21085
21086
21103
21115
21118
21137
21149
21201
21218
21220
21279
21292
21303
21305
21316
21351
21360
21393
21403
21428
21435
21450
21477
21485
21492
21498
21506
21512
21526
21552
21562
21586
21601
21604
21632
21651
21652
21665
21667
21671
21691
21698
21730
21757
21760
21768
21781
21781
21867
21910
21933
21944
21946
21990
22025
22055
22060
22068
22134
22230
22244
22268
22285
22300
22310
22344
22355
22372
22375
22380
22380
22388
22403
22434
22446
22453
22464
22477
22482
22511
22526
22538
22551
22554
22575
22596
22627
22631
22638
22688
22702
22710
22741
22771
22782
22784
22791
22794
22804
22825
22841
22862
22869
22870
22879
22885
22894
22898
22933
22962
22963
22977
23001
23003
23005
23019
23032
23035
23051
23074
23145
23158
23176
23179
23182
23198
23220
23225
23231
23246
23254
23315
23325
23329
23333
23347
23349
23354
23361
23371
23382
23390
23403
23416
23444
23447
23451
23474
23477
23496
23511
23518
23549
23563
23566
23575
23581
23583
23596
23597
23602
23608
23608
23627
23633
23643
23649
23650
23652
23676
23688
23708
23722
23725
23727
23741
23749
23797
23816
23818
23831
23865
23892
23926
23926
23951
23953
23977
23993
24006
24008
24016
24049
24067
24117
24128
24131
24156
24171
24173
24202
24217
24256
24269
24275
24286
24308
24312
24327
24349
24372
24393
24396
24401
24408
24412
24437
24442
24474
24515
24519
24524
24541
24555
24569
24572
24583
24597
24603
24609
24615
24632
24657
24659
24696
24699
24712
24714
24716
24739
24743
24746
24753
24767
24783
24787
24787
24825
24853
24863
24894
24895
24908
24931
24936
24946
24953
24958
24986
25006
25023
25042
25140
25157
25165
25172
25200
25223
25234
25235
25239
25249
25253
25275
25284
25294
25301
25303
25332
25341
25351
25351
25367
25374
25410
25449
25488
25498
25500
25511
25516
25518
25528
25547
25550
25570
25579
25580
25587
25595
25618
25621
25641
25643
25651
25679
25681
25706
25707
25740
25743
25765
25804
25824
25825
25832
25837
25862
25870
25897
25900
25919
25921
25922
25925
25933
25945
25948
25978
26019
26025
26044
26063
26071
26075
26077
26123
26139
26153
26196
26197
26223
26228
26229
26249
26264
26272
26273
26281
26302
26305
26320
26335
26382
26422
26425
26443
26481
26489
26531
26557
26560
26569
26585
26587
26592
26645
26645
26649
26675
26678
26685
26688
26689
26700
26717
26801
26833
26836
26841
26858
26860
26869
26875
26886
26890
26923
26933
26964
26972
27014
27016
27016
27026
27032
27037
27037
27057
27061
27097
27112
27112
27128
27162
27170
27177
27181
27188
27213
27218
27231
27241
27245
27250
27266
27270
27287
27299
27321
27339
27355
27389
27389
27395
27419
27440
27447
27495
27496
27497
27507
27516
27517
27529
27543
27562
27581
27584
27594
27614
27619
27623
27629
27647
27652
27656
27670
27680
27685
27697
27730
27732
27740
27761
27791
27840
27900
27923
27924
27961
27973
27996
28000
28022
28023
28060
28063
28070
28076
28093
28093
28102
28108
28117
28126
28142
28146
28170
28170
28208
28301
28318
28325
28330
28333
28341
28341
28353
28354
28356
28378
28402
28431
28436
28436
28458
28458
28463
28484
28500
28503
28507
28532
28549
28553
28572
28601
28611
28634
28640
28652
28653
28673
28681
28707
28728
28748
28754
28771
28790
28807
28815
28816
28818
28855
28871
28873
28874
28912
28932
28934
28947
28973
28997
29000
29040
29050
29051
29058
29064
29066
29126
29131
29153
29196
29212
29232
29260
29296
29298
29317
29319
29342
29360
29366
29371
29372
29375
29385
29408
29410
29432
29456
29470
29497
29529
29540
29540
29547
29552
29555
29557
29558
29558
29575
29626
29651
29667
29675
29687
29694
29694
29699
29718
29737
29746
29751
29771
29828
29834
29839
29851
29859
29862
29882
29909
29931
29934
30025
30030
30033
30036
30054
30064
30066
30073
30083
30181
30205
30265
30268
30276
30333
30349
30353
30371
30386
30442
30446
30454
30467
30476
30478
30486
30520
30541
30552
30558
30587
30592
30596
30608
30616
30632
30634
30657
30661
30661
30680
30692
30702
30709
30721
30736
30742
30749
30750
30753
30775
30817
30827
30843
30868
30887
30888
30986
31023
31053
31058
31066
31081
31081
31085
31096
31096
31103
31115
31128
31141
31141
31190
31199
31252
31291
31297
31302
31352
31358
31369
31407
31429
31442
31453
31455
31465
31501
31503
31505
31518
31533
31567
31619
31619
31636
31638
31639
31682
31735
31741
31773
31795
31797
31873
31877
31889
31894
31901
31944
32085
32090
32094
32107
32112
32125
32136
32157
32167
32185
32191
32197
32200
32204
32212
32215
32220
32236
32272
32297
32303
32303
32360
32402
32419
32424
32458
32468
32481
32494
32496
32505
32513
32515
32527
32536
32538
32551
32558
32580
32590
32608
32626
32669
32679
32703
32713
32720
32745
32759
32769
32771
32832
32835
32869
32871
32871
32910
32979
32995
32998
33016
33061
33079
33089
33100
33126
33127
33149
33153
33157
33158
33179
33180
33181
33192
33194
33201
33210
33211
33214
33222
33248
33251
33252
33266
33298
33331
33331
33336
33353
33357
33364
33419
33456
33460
33474
33478
33525
33594
33603
33652
33670
33679
33767
33785
33793
33821
33824
33857
33858
33870
33885
33899
33900
33908
33916
33932
33941
33952
33967
33990
34042
34066
34074
34114
34125
34144
34144
34148
34153
34192
34216
34279
34304
34314
34319
34329
34444
34467
34468
34481
34491
34530
34591
34598
34662
34664
34674
34688
34690
34745
34760
34761
34765
34768
34783
34788
34792
34800
34802
34819
34824
34843
34847
34856
34859
34930
34937
34937
35006
35035
35041
35055
35057
35066
35068
35069
35072
35081
35111
35115
35123
35140
35146
35150
35155
35165
35201
35206
35213
35215
35232
35279
35283
35285
35303
35345
35360
35360
35371
35375
35381
35383
35391
35413
35432
35439
35443
35457
35461
35467
35545
35549
35569
35608
35612
35636
35661
35694
35715
35734
35765
35781
35809
35828
35843
35846
35856
35876
35879
35896
35924
35962
35975
35987
36027
36032
36038
36055
36071
36083
36084
36086
36111
36127
36158
36168
36168
36203
36205
36217
36224
36233
36234
36239
36255
36271
36277
36304
36314
36332
36356
36362
36373
36381
36383
36402
36405
36442
36445
36451
36457
36459
36469
36472
36482
36498
36546
36581
36584
36587
36598
36621
36644
36667
36672
36681
36692
36732
36739
36749
36754
36755
36766
36776
36813
36828
36830
36859
36869
36883
36887
36933
36937
36946
36948
36974
36985
36986
36997
37018
37018
37026
37052
37078
37088
37107
37114
37135
37138
37149
37161
37179
37226
37235
37289
37304
37310
37313
37345
37349
37398
37401
37434
37454
37471
37477
37516
37547
37550
37568
37577
37585
37586
37648
37653
37678
37686
37719
37758
37785
37791
37801
37802
37829
37871
37905
37910
37931
37943
37970
37971
37983
37986
37992
38017
38049
38061
38072
38094
38136
38154
38173
38250
38291
38296
38310
38329
38348
38370
38374
38387
38390
38406
38436
38470
38470
38521
38547
38549
38558
38560
38620
38621
38624
38628
38633
38641
38644
38646
38683
38691
38714
38715
38723
38734
38743
38755
38760
38775
38787
38791
38814
38819
38832
38834
38885
38905
38910
38923
38937
39005
39013
39037
39039
39062
39070
39076
39078
39105
39112
39137
39151
39160
39184
39184
39234
39235
39240
39262
39298
39314
39324
39333
39342
39346
39399
39413
39425
39429
39466
39472
39514
39514
39530
39531
39568
39568
39579
39589
39618
39651
39740
39812
39819
39819
39824
39833
39840
39843
39847
39859
39878
39889
39896
39912
39938
39974
39999
40037
40050
40072
40078
40098
40185
40189
40202
40220
40232
40246
40250
40274
40292
40294
40311
40318
40366
40390
40390
40401
40413
40416
40436
40446
40449
40449
40464
40492
40510
40532
40546
40547
40607
40617
40630
40666
40694
40697
40706
40710
40721
40736
40738
40819
40819
40865
40871
40878
40911
40913
40922
40933
40944
40968
40970
40992
41009
41033
41035
41042
41058
41058
41061
41070
41082
41103
41104
41142
41147
41163
41168
41181
41185
41187
41202
41240
41254
41264
41278
41285
41325
41346
41411
41418
41426
41432
41434
41441
41461
41468
41470
41475
41476
41477
41483
41495
41526
41532
41535
41539
41646
41647
41670
41677
41679
41700
41700
41756
41781
41790
41828
41831
41834
41850
41873
41878
41884
41921
41925
41931
41954
41973
41977
42001
42006
42071
42083
42091
42098
42123
42135
42170
42182
42187
42190
42199
42200
42203
42257
42265
42313
42319
42386
42435
42441
42454
42455
42466
42535
42549
42552
42569
42572
42598
42669
42681
42702
42704
42741
42745
42777
42806
42809
42820
42838
42852
42856
42871
42882
42892
42892
42893
42909
42918
42920
42923
42926
42932
42949
42981
43013
43016
43034
43039
43099
43103
43139
43149
43151
43156
43183
43185
43205
43230
43244
43247
43268
43270
43280
43286
43290
43308
43316
43326
43329
43340
43365
43372
43413
43430
43436
43454
43464
43468
43509
43533
43557
43565
43577
43596
43624
43640
43656
43657
43659
43689
43694
43698
43707
43767
43814
43818
43819
43822
43825
43827
43834
43843
43852
43862
43877
43892
43910
43920
43942
43974
44045
44055
44099
44121
44129
44131
44140
44154
44155
44160
44186
44197
44211
44220
44226
44226
44231
44242
44243
44248
44264
44264
44276
44337
44346
44370
44393
44420
44428
44444
44448
44475
44479
44529
44544
44548
44551
44584
44616
44646
44676
44713
44730
44733
44741
44747
44813
44818
44820
44837
44851
44871
44879
44882
44909
44935
44938
44938
44939
44958
44990
44994
44999
45008
45025
45026
45060
45062
45063
45072
45080
45122
45153
45175
45182
45194
45201
45213
45213
45214
45248
45252
45275
45276
45276
45302
45302
45322
45358
45387
45387
45400
45401
45431
45487
45496
45513
45520
45584
45619
45620
45642
45664
45681
45694
45699
45752
45763
45809
45811
45814
45833
45845
45858
45866
45902
45908
45940
45969
45984
46037
46062
46082
46092
46133
46135
46170
46180
46187
46205
46226
46227
46237
46247
46266
46282
46283
46286
46349
46384
46430
46433
46457
46506
46532
46534
46545
46574
46600
46600
46644
46652
46661
46666
46687
46718
46739
46741
46742
46778
46794
46839
46841
46843
46868
46871
46928
46976
46988
46999
47003
47067
47068
47089
47096
47131
47152
47162
47172
47176
47183
47193
47218
47267
47274
47278
47307
47328
47344
47344
47368
47388
47389
47421
47428
47450
47454
47506
47514
47525
47533
47571
47640
47657
47670
47686
47708
47714
47723
47789
47847
47855
47865
47870
47889
47895
47901
47918
47946
47951
47952
47956
47988
47991
48000
48044
48048
48054
48059
48088
48137
48141
48174
48179
48212
48216
48219
48224
48226
48248
48250
48257
48278
48300
48304
48309
48347
48349
48363
48377
48390
48396
48415
48435
48479
48499
48509
48519
48548
48564
48578
48602
48619
48645
48657
48660
48689
48698
48715
48726
48733
48742
48767
48805
48807
48818
48842
48855
48891
48904
48940
48941
48955
48982
48984
48984
48987
48987
48993
49030
49050
49065
49078
49084
49088
49094
49098
49123
49132
49160
49195
49197
49205
49252
49270
49271
49276
49285
49291
49297
49322
49322
49353
49368
49372
49380
49404
49415
49419
49446
49448
49469
49469
49481
49516
49565
49577
49580
49588
49588
49593
49596
49601
49643
49645
49657
49663
49683
49686
49697
49700
49709
49715
49760
49763
49804
49827
49854
49855
49920
49925
49934
49967
50007
50025
50030
50049
50053
50078
50093
50096
50113
50136
50158
50187
50192
50196
50202
50212
50216
50219
50238
50254
50262
50270
50306
50310
50327
50328
50339
50353
50358
50375
50381
50419
50423
50430
50487
50518
50532
50544
50555
50572
50574
50583
50585
50628
50659
50660
50669
50672
50701
50708
50715
50750
50751
50775
50775
50784
50792
50801
50823
50839
50853
50927
50948
50954
50963
50964
50974
51033
51059
51097
51103
51128
51140
51140
51144
51170
51170
51187
51244
51254
51264
51264
51271
51272
51293
51306
51310
51325
51332
51343
51356
51368
51383
51392
51414
51427
51434
51463
51486
51498
51512
51521
51527
51550
51567
51571
51587
51598
51601
51643
51673
51681
51718
51723
51774
51792
51802
51807
51809
51822
51838
51858
51887
51923
51935
51965
51978
51995
51996
52057
52072
52073
52075
52078
52120
52122
52147
52152
52155
52156
52156
52160
52185
52208
52230
52236
52244
52262
52273
52277
52293
52382
52405
52409
52411
52432
52448
52495
52520
52539
52542
52555
52596
52597
52598
52620
52625
52700
52743
52753
52769
52779
52792
52847
52853
52854
52860
52869
52870
52873
52919
52924
52926
52959
52961
52986
52989
52993
53006
53025
53025
53030
53038
53040
53059
53060
53063
53096
53099
53133
53166
53171
53181
53202
53242
53243
53267
53273
53288
53292
53296
53322
53412
53415
53419
53448
53470
53516
53536
53541
53544
53599
53614
53633
53637
53669
53671
53677
53682
53690
53734
53740
53762
53816
53887
53898
53903
53927
53928
53968
53969
53970
53973
53978
53978
53989
54000
54014
54024
54026
54032
54070
54088
54107
54159
54163
54165
54179
54183
54242
54264
54268
54302
54310
54321
54333
54335
54344
54369
54379
54385
54411
54414
54422
54469
54470
54500
54530
54531
54627
54638
54641
54648
54658
54670
54671
54674
54675
54681
54722
54724
54730
54750
54769
54793
54812
54814
54828
54829
54839
54845
54845
54859
54871
54872
54878
54887
54935
54944
54955
54961
54971
54976
54977
54981
55007
55040
55066
55073
55095
55137
55158
55169
55176
55193
55203
55206
55269
55272
55281
55293
55296
55329
55343
55351
55374
55379
55380
55385
55409
55412
55448
55472
55489
55509
55518
55531
55547
55557
55565
55585
55617
55622
55656
55657
55681
55692
55694
55784
55811
55834
55877
55896
55905
55925
55929
55945
55947
55974
56023
56044
56067
56071
56079
56082
56085
56096
56117
56129
56142
56147
56215
56243
56267
56310
56342
56361
56374
56379
56380
56396
56455
56478
56495
56520
56526
56529
56532
56536
56548
56564
56575
56585
56595
56615
56622
56626
56647
56699
56734
56771
56800
56828
56894
56921
56945
56945
56951
56971
56972
57000
57015
57033
57054
57099
57144
57148
57199
57203
57238
57244
57245
57256
57265
57311
57332
57347
57352
57391
57398
57401
57416
57422
57435
57449
57452
57466
57466
57522
57530
57533
57538
57562
57566
57576
57593
57597
57601
57607
57640
57647
57666
57681
57704
57712
57736
57755
57785
57821
57878
57940
57942
57971
57996
58002
58011
58022
58024
58032
58091
58098
58102
58112
58112
58116
58157
58195
58238
58247
58249
58289
58338
58344
58347
58348
58380
58386
58387
58409
58414
58418
58430
58447
58450
58452
58457
58464
58506
58516
58526
58549
58565
58578
58591
58600
58608
58608
58613
58627
58668
58675
58678
58694
58750
58752
58758
58759
58768
58775
58778
58791
58797
58822
58832
58865
58905
58911
58926
58933
58938
58945
58964
58980
59044
59047
59063
59074
59085
59091
59123
59142
59155
59181
59188
59203
59206
59216
59221
59233
59261
59272
59316
59356
59377
59379
59382
59402
59410
59417
59423
59447
59458
59491
59492
59521
59526
59528
59551
59572
59574
59620
59624
59639
59646
59662
59770
59772
59784
59796
59799
59805
59806
59816
59816
59886
59922
59934
59941
59942
59945
59968
59968
59974
59975
60024
60032
60077
60081
60102
60151
60180
60202
60213
60224
60230
60249
60331
60337
60337
60361
60371
60384
60397
60425
60448
60459
60462
60472
60500
60515
60525
60526
60554
60589
60595
60636
60647
60653
60659
60694
60731
60735
60761
60776
60799
60829
60868
60874
60895
60916
60946
60949
60964
60965
60973
60976
60980
60980
60991
61001
61002
61004
61008
61011
61063
61067
61083
61087
61098
61103
61116
61119
61121
61135
61139
61140
61144
61179
61186
61200
61213
61240
61241
61271
61275
61304
61322
61347
61392
61406
61407
61429
61467
61510
61532
61579
61584
61625
61634
61646
61647
61652
61700
61705
61706
61729
61740
61783
61794
61800
61811
61838
61845
61858
61868
61887
61928
61932
61948
61955
61958
61966
62024
62048
62051
62057
62093
62095
62098
62114
62114
62132
62145
62175
62203
62213
62225
62234
62237
62294
62313
62318
62328
62342
62357
62369
62385
62387
62396
62423
62442
62445
62486
62493
62514
62515
62518
62530
62532
62532
62566
62575
62626
62637
62642
62663
62690
62721
62726
62797
62797
62866
62870
62907
62928
62951
62977
63003
63020
63083
63100
63118
63123
63133
63136
63153
63184
63192
63199
63219
63243
63305
63308
63308
63317
63322
63325
63332
63351
63393
63414
63422
63428
63438
63453
63453
63477
63488
63494
63532
63548
63558
63569
63574
63580
63606
63614
63623
63632
63642
63699
63700
63709
63715
63722
63749
63772
63786
63817
63854
63869
63921
63925
63940
63959
63967
63970
64031
64036
64055
64063
64081
64100
64108
64134
64139
64143
64145
64190
64196
64214
64228
64233
64235
64265
64331
64345
64350
64374
64408
64411
64451
64482
64547
64550
64553
64554
64562
64569
64613
64668
64711
64712
64740
64754
64756
64765
64769
64775
64823
64837
64839
64842
64855
64855
64889
64903
64912
64927
64962
64997
65014
65023
65025
65026
65034
65047
65057
65064
65068
65096
65116
65128
65136
65162
65172
65200
65207
65217
65280
65365
65368
65392
65413
65487
65493
65495
65514
65556
65563
65577
65587
65608
65621
65657
65658
65664
65716
65721
65749
65751
65756
65764
65787
65815
65820
65844
65890
65910
65910
65923
65944
65999
66042
66075
66077
66078
66111
66137
66143
66166
66178
66182
66188
66204
66221
66233
66241
66245
66269
66303
66320
66329
66372
66379
66396
66449
66474
66545
66551
66582
66605
66617
66660
66662
66679
66680
66695
66732
66733
66737
66786
66799
66817
66892
66892
66913
66913
66932
66941
66947
66949
66961
66978
66997
67012
67039
67039
67062
67081
67098
67111
67119
67133
67139
67145
67171
67190
67225
67226
67234
67238
67240
67240
67275
67275
67282
67320
67321
67324
67337
67348
67351
67353
67387
67417
67446
67451
67452
67460
67460
67479
67480
67490
67495
67503
67509
67560
67613
67614
67623
67624
67648
67652
67676
67684
67703
67717
67723
67742
67748
67768
67783
67801
67805
67902
67904
67929
67971
67979
68022
68027
68046
68073
68081
68104
68145
68150
68168
68171
68192
68200
68213
68233
68235
68248
68251
68256
68261
68280
68285
68305
68344
68370
68396
68442
68456
68485
68485
68503
68508
68511
68518
68524
68531
68539
68539
68551
68561
68585
68586
68606
68615
68645
68647
68657
68715
68739
68742
68773
68775
68820
68823
68830
68859
68869
68870
68914
68919
68929
68967
69025
69147
69170
69188
69200
69253
69286
69305
69307
69320
69320
69322
69329
69332
69336
69351
69355
69382
69388
69415
69430
69442
69443
69463
69463
69483
69489
69491
69511
69549
69553
69572
69574
69580
69589
69668
69761
69763
69768
69777
69784
69787
69810
69860
69867
69923
69949
69991
69993
70000
70000
70010
70035
70036
70053
70066
70069
70077
70120
70154
70161
70239
70266
70293
70293
70319
70327
70334
70369
70454
70462
70480
70481
70484
70498
70501
70501
70520
70566
70611
70620
70624
70627
70641
70650
70662
70679
70688
70705
70714
70735
70806
70846
70857
70874
70955
70967
70969
70990
71002
71008
71014
71041
71043
71048
71077
71095
71096
71101
71119
71141
71142
71166
71180
71182
71190
71275
71292
71319
71345
71463
71468
71492
71503
71508
71520
71532
71596
71630
71648
71658
71687
71699
71736
71748
71779
71793
71800
71808
71823
71856
71871
71931
71932
71936
71936
71964
71964
71971
71982
72024
72030
72033
72033
72043
72045
72064
72067
72099
72108
72120
72124
72140
72175
72189
72192
72194
72220
72228
72228
72235
72239
72251
72261
72261
72273
72282
72322
72345
72357
72374
72387
72408
72431
72431
72434
72457
72479
72498
72502
72525
72540
72579
72582
72610
72619
72633
72687
72696
72718
72755
72756
72790
72829
72877
72879
72894
72896
72928
72931
72959
72980
73004
73029
73046
73059
73065
73071
73090
73098
73130
73142
73161
73166
73172
73182
73185
73189
73214
73214
73223
73257
73292
73316
73326
73378
73380
73387
73440
73448
73458
73483
73507
73516
73540
73553
73557
73561
73573
73635
73661
73682
73720
73753
73792
73813
73851
73854
73909
73933
73965
74013
74033
74076
74082
74122
74125
74136
74146
74162
74174
74191
74202
74233
74245
74248
74278
74298
74309
74329
74335
74369
74374
74383
74401
74425
74433
74439
74461
74490
74502
74504
74515
74523
74532
74534
74550
74598
74645
74660
74660
74688
74692
74698
74701
74743
74758
74759
74763
74787
74791
74811
74814
74846
74854
74864
74879
74881
74895
74896
74905
74931
74933
74948
74953
74992
75006
75104
75106
75120
75126
75132
75150
75154
75167
75231
75342
75364
75371
75376
75379
75393
75406
75414
75419
75446
75465
75473
75500
75523
75536
75538
75540
75574
75589
75619
75665
75672
75674
75676
75683
75691
75706
75706
75718
75732
75812
75816
75819
75822
75843
75844
75854
75873
75878
75925
75927
75954
75963
75975
75991
75999
76004
76019
76040
76078
76097
76104
76109
76143
76145
76161
76168
76179
76181
76196
76206
76222
76243
76273
76273
76284
76289
76333
76364
76393
76437
76441
76475
76481
76493
76499
76505
76506
76516
76519
76555
76580
76594
76597
76631
76632
76659
76674
76680
76687
76699
76752
76752
76787
76803
76815
76827
76828
76840
76868
76885
76891
76896
76952
76972
77002
77006
77026
77028
77083
77085
77131
77133
77134
77151
77163
77169
77201
77216
77233
77279
77283
77289
77320
77335
77338
77343
77343
77345
77351
77372
77391
77414
77417
77440
77461
77470
77477
77480
77481
77486
77510
77519
77524
77527
77529
77558
77563
77620
77660
77692
77730
77753
77754
77761
77767
77820
77852
77863
77866
77907
77952
77977
77983
77991
78010
78035
78064
78067
78071
78108
78128
78180
78207
78219
78229
78242
78273
78308
78312
78315
78319
78336
78354
78364
78367
78369
78376
78391
78403
78426
78443
78489
78490
78496
78509
78516
78546
78548
78562
78564
78574
78576
78588
78588
78593
78594
78595
78635
78646
78654
78689
78693
78719
78747
78798
78812
78822
78829
78855
78867
78867
78876
78890
78893
78894
78902
78914
78945
78953
78999
79008
79029
79041
79051
79062
79103
79105
79111
79140
79158
79171
79210
79218
79222
79242
79246
79264
79267
79284
79290
79304
79305
79369
79373
79395
79412
79432
79433
79434
79450
79458
79470
79486
79508
79521
79527
79528
79541
79542
79555
79563
79579
79581
79581
79643
79660
79665
79668
79681
79686
79750
79757
79759
79765
79766
79786
79799
79812
79838
79868
79874
79888
79889
79938
79954
79961
79979
79987
80004
80029
80054
80058
80074
80084
80121
80131
80168
80181
80195
80195
80197
80199
80199
80200
80244
80271
80273
80357
80361
80365
80368
80386
80386
80397
80421
80428
80436
80442
80443
80463
80474
80487
80502
80515
80559
80582
80589
80596
80628
80635
80636
80643
80679
80719
80723
80740
80746
80765
80766
80798
80831
80840
80846
80856
80861
80871
80914
80922
80931
80994
81029
81031
81082
81098
81146
81147
81156
81186
81199
81212
81221
81229
81244
81246
81250
81255
81269
81322
81335
81350
81356
81370
81382
81413
81494
81495
81532
81551
81581
81586
81599
81618
81661
81668
81672
81682
81703
81710
81716
81802
81842
81849
81931
81986
81991
82010
82012
82025
82026
82035
82045
82054
82095
82113
82141
82161
82202
82215
82220
82222
82226
82349
82357
82369
82398
82425
82452
82456
82473
82479
82491
82492
82496
82505
82518
82522
82523
82524
82526
82582
82592
82611
82614
82621
82625
82628
82652
82666
82673
82748
82756
82785
82809
82814
82852
82857
82860
82875
82884
82908
83034
83044
83124
83127
83132
83150
83159
83168
83190
83202
83207
83212
83212
83239
83246
83256
83278
83279
83283
83335
83345
83353
83368
83386
83445
83457
83474
83495
83496
83505
83519
83526
83572
83581
83584
83586
83629
83657
83671
83672
83704
83711
83722
83760
83770
83792
83793
83798
83856
83866
83914
83917
83922
83930
83962
83966
83967
84002
84014
84015
84071
84107
84111
84143
84202
84253
84294
84345
84360
84385
84388
84412
84436
84438
84447
84458
84474
84483
84492
84495
84505
84539
84544
84560
84562
84565
84569
84573
84582
84587
84603
84621
84623
84636
84652
84659
84660
84705
84723
84796
84806
84832
84848
84867
84917
84919
84926
84929
84933
84951
84995
85020
85026
85027
85055
85055
85074
85097
85164
85174
85215
85235
85235
85270
85284
85310
85330
85359
85365
85387
85395
85411
85466
85469
85477
85477
85481
85483
85489
85521
85533
85553
85559
85570
85581
85594
85603
85608
85610
85618
85637
85662
85674
85689
85695
85719
85739
85793
85806
85823
85824
85852
85856
85864
85872
85872
85880
85903
85913
85925
85935
85935
85983
86033
86037
86073
86104
86109
86116
86121
86145
86157
86169
86172
86175
86183
86183
86268
86284
86289
86330
86339
86343
86350
86361
86442
86460
86464
86469
86515
86516
86560
86595
86602
86604
86616
86670
86670
86692
86744
86762
86779
86791
86794
86810
86845
86858
86881
86893
86897
86920
86930
86931
86933
86947
86955
86984
86992
87026
87050
87090
87134
87193
87217
87223
87249
87256
87270
87283
87319
87332
87352
87369
87391
87403
87404
87459
87467
87522
87577
87647
87656
87665
87705
87730
87805
87807
87810
87822
87834
87842
87842
87846
87850
87851
87856
87879
87887
87898
87917
87917
87928
87938
87959
87980
87980
87986
88000
88023
88024
88029
88042
88052
88057
88071
88087
88094
88126
88157
88168
88179
88200
88207
88208
88228
88229
88252
88291
88318
88331
88371
88408
88422
88422
88425
88426
88443
88463
88478
88482
88499
88506
88516
88533
88534
88536
88574
88579
88583
88605
88665
88665
88698
88699
88699
88701
88718
88722
88732
88738
88758
88788
88792
88816
88833
88839
88855
88875
88896
88897
88913
88925
88944
88971
89033
89043
89066
89077
89123
89139
89153
89193
89227
89229
89232
89232
89239
89276
89289
89291
89303
89338
89348
89364
89365
89385
89393
89420
89450
89460
89476
89505
89526
89531
89532
89548
89549
89552
89593
89596
89604
89607
89631
89633
89646
89669
89677
89695
89718
89724
89728
89755
89761
89771
89772
89793
89802
89807
89812
89839
89848
89888
89904
89943
89944
89964
89990
90003
90013
90014
90032
90055
90074
90093
90128
90130
90134
90142
90160
90167
90175
90181
90183
90184
90187
90193
90202
90227
90278
90278
90280
90307
90309
90330
90345
90362
90365
90373
90376
90398
90439
90479
90510
90541
90555
90557
90563
90624
90627
90650
90659
90662
90704
90729
90754
90806
90850
90855
90898
90917
90929
90955
90956
90958
90979
90992
90994
91016
91022
91028
91032
91040
91075
91082
91096
91099
91138
91227
91232
91273
91296
91326
91343
91358
91379
91393
91398
91400
91415
91428
91430
91436
91438
91443
91459
91466
91471
91472
91473
91509
91512
91518
91541
91560
91591
91592
91600
91605
91606
91633
91658
91662
91662
91663
91693
91708
91723
91724
91737
91744
91744
91758
91766
91769
91799
91822
91825
91826
91853
91857
91875
91877
91889
91891
91906
91933
91976
91977
91984
91988
92010
92025
92027
92033
92046
92066
92109
92116
92119
92136
92137
92144
92158
92221
92235
92270
92293
92316
92331
92333
92337
92350
92355
92364
92376
92410
92429
92436
92436
92454
92462
92481
92487
92492
92501
92522
92529
92543
92564
92574
92580
92587
92600
92607
92631
92633
92686
92735
92741
92742
92742
92755
92783
92814
92824
92874
92882
92890
92897
92920
92966
93014
93015
93019
93051
93060
93061
93086
93094
93094
93111
93131
93177
93181
93195
93205
93214
93220
93224
93234
93238
93240
93243
93245
93299
93305
93306
93309
93310
93327
93330
93333
93363
93364
93389
93430
93440
93483
93487
93494
93497
93531
93537
93545
93556
93562
93598
93630
93659
93661
93665
93675
93745
93785
93816
93830
93843
93844
93880
93890
93939
93947
93951
93966
93970
94022
94034
94036
94057
94080
94133
94192
94216
94224
94237
94237
94240
94287
94304
94314
94331
94337
94344
94352
94357
94365
94368
94382
94428
94436
94438
94447
94466
94477
94486
94487
94506
94508
94549
94560
94560
94562
94574
94577
94634
94648
94655
94665
94671
94684
94684
94686
94691
94719
94722
94726
94726
94740
94755
94776
94787
94812
94887
94909
94925
94929
94932
94957
94967
94969
94971
94980
94985
94991
94999
95000
95001
95001
95013
95032
95035
95038
95051
95087
95108
95122
95165
95212
95222
95232
95232
95237
95255
95257
95272
95288
95327
95345
95380
95413
95414
95418
95425
95451
95461
95475
95533
95536
95539
95542
95552
95560
95570
95582
95597
95603
95624
95628
95648
95674
95682
95695
95707
95760
95793
95796
95830
95890
95901
95910
95923
95932
95935
95977
95979
96017
96033
96045
96066
96082
96096
96100
96114
96125
96128
96145
96153
96180
96298
96339
96341
96344
96356
96360
96375
96376
96410
96413
96443
96446
96465
96490
96494
96501
96517
96543
96547
96577
96603
96623
96634
96635
96644
96654
96727
96754
96757
96764
96770
96782
96838
96855
96857
96857
96868
96886
96896
96900
96934
96950
96998
97045
97049
97080
97095
97102
97113
97120
97127
97127
97128
97158
97163
97166
97167
97172
97177
97192
97192
97194
97213
97239
97245
97246
97278
97303
97333
97358
97365
97366
97394
97399
97413
97511
97518
97521
97537
97582
97589
97607
97618
97660
97731
97766
97790
97806
97829
97832
97840
97846
97877
97935
97961
97976
97980
97982
97989
98017
98023
98025
98036
98061
98068
98100
98106
98142
98159
98183
98199
98236
98244
98257
98259
98301
98303
98313
98315
98344
98362
98380
98406
98411
98411
98446
98454
98470
98483
98499
98540
98541
98572
98576
98620
98626
98670
98678
98736
98744
98744
98781
98783
98783
98825
98861
98871
98899
98899
98911
98918
98947
98951
98974
99009
99019
99029
99032
99034
99038
99102
99109
99120
99176
99184
99197
99221
99231
99286
99296
99301
99317
99324
99343
99344
99350
99355
99382
99387
99442
99452
99491
99546
99560
99582
99583
99588
99593
99623
99635
99650
99666
99673
99701
99704
99725
99762
99778
99795
99799
99801
99827
99832
99871
99881
99906
99909
99914
99920
99927
99932
99935
99955
99966
99982
99992
