54828
40098
60361
93220
85235
27218
86692
46644
77131
20419
95032
34783
84587
55834
93531
30632
86762
44197
15199
58933
91398
94740
64842
41973
52160
75154
9253
96494
45252
40446
97518
64962
90278
45866
2249
19133
64712
47183
48499
1822
55896
3051
79542
7135
97846
52152
84345
86595
18580
29066
14671
82908
45302
25157
6928
66166
57144
1721
95108
80195
80719
66075
16347
6083
53063
86881
53690
34319
43340
67417
69553
54530
1285
86343
13512
2694
81370
19353
64214
44055
22134
35432
24308
23477
44935
44045
8870
20587
13058
70846
29497
439
39812
73540
85739
40246
56564
80058
78403
1613
7780
76004
3329
60694
67509
82857
58832
44837
31066
31023
68248
38390
17077
72498
32720
38646
68830
94240
54321
83722
34819
28436
10790
57311
34216
66733
85824
57391
27791
80074
48805
27629
68531
67460
27496
24173
4590
53928
10164
58387
27355
36271
39234
65910
98678
29212
73130
58289
4735
30066
21781
43974
37149
13744
13201
2703
53887
32745
57054
6946
30749
53412
53734
36672
13598
50381
30986
50555
38291
47670
42199
54242
50784
77006
63959
35146
21403
82523
55203
7642
30541
59639
17398
61811
99701
85637
74013
72282
51244
4462
36459
20644
45699
45276
77289
35549
54024
72755
97163
94932
23176
74439
27037
33127
92270
91358
12156
38470
89193
81986
10017
5159
57996
99650
9368
62213
12687
71687
62095
36405
58195
94671
14601
42920
26019
61063
23347
56342
99350
97961
75854
27245
47089
90479
67275
60949
57640
4819
97877
83967
50853
39974
29575
60202
26305
29737
54814
66545
39184
49195
94665
93556
88506
74335
36830
92481
12867
40697
9318
2656
6699
31141
31352
24312
72273
19011
1091
57601
86931
71043
37829
82215
2129
83770
66617
63351
74864
90142
59085
22025
90650
14436
15217
17323
85570
2259
56044
84294
29317
65764
23816
93966
43436
47193
1293
63083
13454
12215
72108
46687
35283
20481
52273
44276
89139
27730
18300
43843
33180
11671
47657
70627
22898
67495
88875
47789
75665
84447
31639
80840
44879
41278
86268
46133
25341
36442
45969
24217
36203
52542
69351
63970
32107
89505
11934
99992
89549
90979
15443
85026
88042
39878
99382
28146
90557
68967
93497
99982
33899
19448
12677
20156
90563
61179
68551
50025
31873
66396
90280
78646
72140
25740
52122
95935
5631
8310
11117
27497
25925
71648
28354
74248
55293
93440
45175
24714
9405
61304
75393
69572
2803
87856
48984
58678
58791
46574
73292
19005
82492
79412
25301
19062
76437
65910
92136
9770
16532
36598
70501
53978
73182
95582
16589
27112
41434
14873
95345
53599
26264
80271
19014
55617
92814
11451
73909
72619
51965
87851
19471
67238
24659
22804
84253
41677
82026
94287
18805
62518
89646
56147
64233
67648
67387
39824
56921
13463
44420
53541
79528
95910
43920
78207
13965
9497
49855
56495
11232
90510
86955
39399
35636
9688
28170
82161
12676
5616
79759
57099
49094
38136
74896
29410
78588
48141
74082
32458
68073
23145
95232
61144
800
41009
6443
57533
19640
6562
23051
24895
70077
51571
11764
3733
96896
56455
29540
12510
43822
91633
95272
77279
16733
41700
53470
65944
78595
95542
5110
74401
95425
68081
71345
35846
67805
95414
23179
65116
94477
58414
83190
87647
84111
78894
78108
937
98454
79750
13541
23633
72030
38470
42745
54302
73440
43533
38621
18375
4322
10544
66042
90376
43430
91428
67324
91459
93890
40232
51254
76752
4592
62385
23074
40738
36859
27507
28070
92920
9402
44393
93843
79581
78489
47714
8070
94237
38547
27656
60081
71748
9724
85806
17524
98068
51643
60213
53669
48226
3188
26139
51343
48174
31619
62721
59574
52382
80357
98199
51128
45814
95760
72582
50927
17749
38628
97113
92564
89807
36985
57449
4733
29699
14807
35876
98023
93880
228
50585
78319
26649
89239
33251
67353
85097
43596
94224
33908
65413
7217
42572
24437
10709
72829
43247
99935
85935
32832
89695
2437
10536
67446
94691
59142
92119
65749
38310
29687
38633
60965
196
19934
32090
31503
35828
13978
14390
30446
25042
48224
11148
66978
50216
21601
28076
59492
91096
64839
95165
71508
94985
31518
30333
77134
5003
10223
96950
26587
93224
85608
74329
43139
18602
85719
58778
97120
80931
22741
27112
86157
80029
14879
7335
84926
59806
86464
83212
98313
89303
51723
23220
90754
26025
7971
77730
84933
80181
62237
71699
76972
48767
40189
77343
84929
32094
28318
942
16909
6498
8494
33364
22862
44994
76597
53099
92487
21506
13750
85387
24753
82814
10157
55945
95087
24853
99673
43689
74688
32468
11923
12609
76078
57597
44444
91724
90627
19253
54422
17928
61083
38791
14536
60077
47956
4376
39333
42569
9154
65064
74598
96125
85823
54369
60980
40878
3487
16480
67234
77480
87842
5725
74550
10038
67171
1176
39112
31638
46062
15522
72579
19037
11214
31141
27241
78855
24067
76145
43316
71736
86930
66372
63414
52244
42455
59382
79458
62328
28022
73214
75683
87283
37135
89348
84458
50532
28208
28707
7173
63921
12548
57562
30827
58945
93545
29232
2004
71095
71936
78242
28549
84107
39005
58091
11625
34279
54014
58926
92027
48891
86616
96547
72033
85469
3308
52860
95570
28640
15929
29298
94999
94352
68235
45681
26223
47176
10450
79581
60589
43280
27213
59551
5788
93238
14597
20496
69923
13287
79222
88896
48548
14986
15688
74787
50430
65658
1916
46778
90994
8382
72322
37018
78562
48519
89607
82522
6101
37349
35115
15486
30616
48742
89232
80635
56575
73004
41679
63558
22825
44938
75589
25374
89888
54971
53419
76499
5215
26335
14915
9681
41647
56082
22702
83629
94506
25579
36986
77002
22977
30478
49657
33353
7385
2990
19917
73483
85903
12163
64927
42083
24541
74692
35375
57245
91028
53025
869
36038
35081
44479
12486
72374
73965
90160
21698
69761
98036
12015
41834
73557
15766
72502
84832
15664
92436
27516
5734
36546
91379
20301
18840
29371
30692
4711
48982
16657
15844
92783
90202
74895
51486
77519
54088
21085
72175
4172
90850
104
73090
17351
48987
1359
42777
53296
50339
42441
36205
3522
35201
23254
81229
45248
96096
20160
87810
92010
72192
69549
14707
23003
98061
64196
74660
66241
79757
39514
34937
39514
34930
86104
34745
4456
62575
10475
10190
96145
50375
18535
24712
50358
88482
408
76097
25518
69305
79527
35035
22782
40944
47686
1062
50007
80515
41240
46430
15084
15225
26272
53968
96782
19061
94436
47421
92742
28652
13533
50423
83278
40721
52926
3049
52236
93483
83711
96180
7052
53288
86469
76179
34329
20779
20623
36224
20760
55040
32608
67119
73378
65392
93060
97976
80443
57265
1344
73682
3123
56085
16219
79643
73753
36482
72099
61140
54935
59458
92221
44713
9454
8176
5197
35055
65999
1939
14846
58565
20146
36776
14958
47389
61271
23511
1753
12916
67703
10856
38049
35069
45062
37678
14903
39740
69991
28673
3656
38061
79979
46282
30887
78693
56520
84919
2067
97521
2994
32910
1764
24699
85913
3582
33336
51434
31199
85074
18708
49577
25140
159
60249
21760
78064
13340
21477
50270
80428
86033
41187
55929
27037
74759
90128
43244
23566
55007
41163
67614
87577
65023
184
76803
25249
68200
6224
89724
53903
91875
57033
21946
33192
89593
59646
46976
80679
66178
69787
81350
79868
96501
97607
88698
6368
41790
42669
25921
98100
53677
9161
28634
70293
907
82220
1828
99966
44616
53516
50262
9179
912
66892
43852
7461
57148
30371
33858
79486
7812
98315
67320
13131
44882
21512
76885
95977
25618
90130
40072
59181
41925
82369
85610
77660
37653
42741
6143
74948
86947
64063
32220
35765
14268
84848
61794
48000
17098
81212
81672
49098
49446
83657
8663
2060
48396
5786
30030
26923
44999
4979
62726
51887
78219
59528
78128
23650
64769
6854
43707
40871
24412
51550
83505
31252
50187
62057
49697
48941
59816
66269
28023
43230
78509
48363
81991
73813
93830
71793
4010
46170
26689
24131
36127
64108
61858
69489
7250
50202
91443
99029
96153
96410
17881
48059
89755
49481
78914
16909
34444
52448
15898
77754
59572
9359
86460
19555
21933
27097
97989
96770
67979
87467
43205
37910
21910
47514
84143
10063
85618
13432
41168
52147
71808
22963
12508
73387
36445
62442
61347
2990
65096
15853
33603
77351
18753
19984
69463
12869
76493
39819
71630
18687
48054
70705
91606
96066
35279
93675
69430
96344
67062
17105
28507
25367
5682
18852
79242
54627
53243
68715
5301
65025
31128
53927
64265
20537
75364
20181
12931
83526
34314
59968
6690
66078
7792
62145
42552
76441
99120
68820
56699
72896
79264
88024
5112
32979
47571
75106
1479
23382
82425
51935
24569
30265
55169
28932
79246
84867
8607
40819
85411
19066
43657
7085
32424
32626
23643
92046
14032
88944
29050
36457
52769
86361
57942
18817
98572
61948
65608
12610
17878
30552
13179
83930
48309
67723
54887
64855
76631
95001
74136
97245
45275
99221
1389
73316
45763
7535
13565
53292
99009
89338
89364
73214
13454
54648
82202
83457
60761
33157
5205
40694
26685
87805
90917
28816
524
1099
42893
60371
21351
31567
79665
68104
91343
81098
19227
35066
43286
89033
76952
39184
66799
95628
41535
39847
25284
43698
58578
22060
54310
22403
63453
48179
80798
92025
88699
75414
77026
40492
14039
9646
5860
87705
45584
77863
79140
35150
7158
13283
94726
33525
87730
94925
20254
67098
34690
10872
84360
81082
93665
65716
32212
54026
69860
79373
91518
96577
92033
36032
14524
65923
54379
36314
13424
78635
41432
39342
93661
55509
3299
46227
50775
36933
49709
93816
24787
65815
23231
43013
41181
20580
97194
43183
10281
72525
47951
9816
75873
29064
9307
40865
37052
64228
51978
4492
16432
44186
23725
54674
7902
4754
53637
59934
43372
71823
54159
76196
42257
99032
37114
18626
26249
78180
22771
64081
8839
3169
83202
25223
45322
55905
28301
653
9000
34114
474
75672
95560
91769
33298
41670
12364
346
69025
49271
69355
69286
48698
43910
56828
27697
35896
62530
10830
41070
6335
53133
25621
8826
22784
47344
36158
64482
18459
77529
3844
60946
66111
73458
93947
14075
92109
14847
46666
68192
86779
9524
99286
11326
28532
37648
3801
53973
27996
82875
26481
5911
93234
87959
26964
1195
30702
32197
66817
51838
75465
44248
93939
76040
49404
32558
57647
63574
79681
62928
38620
5177
73046
27623
6130
64235
35232
86169
39466
95001
41035
83519
58102
30353
28431
58980
2922
30025
25679
80636
36887
85674
64411
670
37785
54871
95830
84544
94726
1726
23474
97358
8934
74233
62486
74854
31682
89761
45153
36498
97589
31889
91977
38819
26560
11954
2620
32871
40666
12264
23496
88583
51140
6488
36086
27680
57530
79668
48304
78812
38885
39589
50659
77163
99725
59316
24256
71779
58380
15509
85533
88722
23390
63184
57401
68859
28500
62093
77820
52597
61800
57435
29372
25948
52555
12702
94684
16593
12058
59155
83279
58549
29839
85856
8538
24958
21492
20221
14360
76659
69810
64889
18199
66474
55784
35467
27231
60731
310
9174
85235
59233
12569
27287
34800
87917
33201
25294
36754
1414
27614
12679
37686
37313
65514
84388
58938
68344
72959
56361
3361
60554
80121
64547
5683
70000
56310
74645
91296
59447
86442
78593
4485
48479
65136
13680
97127
9519
83034
51774
23325
17522
25897
11493
86794
14258
38296
28356
57607
37871
10195
19435
75999
36732
72261
93094
92116
83159
39151
14500
27584
35715
19316
87522
29558
87332
91889
99801
74534
85270
18442
44129
77983
61322
54976
35360
14798
39037
92158
80244
95013
8631
76019
20600
4280
66077
3226
7318
33824
83124
58516
73098
70498
25235
99799
47278
48842
41539
65280
86791
41873
35734
66949
23403
81661
29153
23333
782
32551
17239
14784
68456
18360
14755
7619
19236
76109
92897
34491
60647
79290
82010
907
11995
939
77563
23865
98744
99301
1585
14338
56526
49322
77283
13422
145
75132
38923
16606
55489
6265
81842
65026
36948
33252
56615
24583
37026
97413
62396
80397
50030
96934
56734
2039
43308
98142
90958
28060
55379
47307
35809
90362
65217
39896
91600
51498
92293
94686
63709
50158
62797
86183
68739
6439
7948
19277
15512
11492
8360
84385
50306
81716
2237
19560
96339
99452
66737
44160
44226
11972
28341
10912
5575
38348
24117
46237
82035
14749
6237
15529
82666
24474
66695
91509
45694
21428
64997
25239
77417
28093
68615
61928
4998
97172
74122
3908
35661
95327
58238
44820
61705
65047
75538
27016
95000
14077
27389
97213
91326
13066
84492
8223
92966
12613
97731
97192
78071
33357
12594
80199
62318
17814
13366
99387
5534
85553
57704
74174
53633
69443
68518
1439
58905
68503
52924
59975
98951
35856
81551
50974
44551
81495
29126
90278
89990
70611
26933
13444
44226
43862
25351
64031
82748
7379
79111
7201
46652
40366
1099
44154
79938
71532
93310
46180
72228
19850
51368
4162
29385
34761
85852
23329
37088
1574
77343
5248
24894
59816
74992
28748
42386
76243
39160
30276
22375
23001
78574
1660
23349
98736
16039
94428
29828
61887
67929
31944
85695
14257
72235
26075
92529
21292
12347
89772
93086
49596
87403
62387
63136
94057
5961
80197
12605
68647
64569
19322
76481
48619
41185
46928
58750
68251
99344
73448
98236
31358
15372
51310
23518
50419
88536
4183
37235
3358
35006
4835
56374
21149
74814
74881
36739
632
57971
58386
97365
55095
78654
93061
30753
80589
87986
99778
745
62642
63003
24739
47454
71503
89771
93659
92501
58675
75619
90074
41476
16898
13242
73065
17274
46092
24269
3920
66680
35068
72931
50328
2800
98183
18972
8938
18296
11844
17397
46037
23563
37179
7131
36111
5052
22230
87850
45811
88408
2676
14848
67337
823
9724
69763
88291
71871
14415
88331
54179
26197
95222
50669
18810
51392
25978
74245
29931
98620
77907
70688
59886
36472
67480
17891
45809
6317
69589
2908
67321
52155
23451
79395
97158
55073
39889
24716
60980
17176
43464
61868
56894
25165
58348
67460
23549
29626
51414
93487
10413
45664
44958
77477
69329
79171
46286
79369
76333
45026
39314
85174
42001
40913
69580
13152
45302
86037
21604
91466
28353
78747
19580
88516
22596
35381
46433
82526
89476
79954
66941
91853
66997
10617
50954
13656
26273
87842
68929
55681
35879
70641
89552
24555
51264
47152
71658
87980
99582
86183
25945
45008
50701
90555
1230
64903
46843
71520
25
12684
20596
22300
17908
74931
74309
44730
32185
21103
19266
53544
40532
88925
2180
8302
64756
90704
43818
36362
21115
74202
13984
29260
25332
84723
94237
90955
78308
42313
34662
11107
14937
27685
60976
1644
34847
43413
13059
42200
21137
76284
74490
80200
55565
34674
88422
10763
34304
30073
8946
94357
73185
54845
10594
48248
25498
53415
65556
89153
60224
89631
32713
70161
50948
95451
32125
81494
48257
83496
59377
97766
82614
35123
28330
85880
29934
62357
6034
14911
24986
51097
62493
31619
56129
69483
44646
13405
75822
67039
79799
76687
18279
41147
39912
19742
5278
98947
70334
63438
91232
1183
28341
15192
17386
10410
24696
38250
23676
44121
98861
81147
87270
68261
54670
26153
6495
1816
23602
50353
1748
720
84202
64139
93309
20115
80487
7231
9003
2960
54872
21768
19166
62445
38641
30467
6003
92755
53096
33331
32538
6706
52185
70069
39078
83345
5034
8923
23198
29558
25832
62024
46384
54638
48048
11911
37477
47162
22794
67560
70000
59799
5327
93111
68256
44584
619
55066
3764
18562
54845
39240
37454
57332
7740
52961
77952
27440
77524
89677
51427
5498
38734
52277
68775
21485
22477
82456
41477
59044
5844
55531
38832
63020
16966
68561
31081
38723
92741
64754
8562
52620
59356
52411
21018
21651
55448
57681
68823
87319
82673
3347
81586
93305
27270
73516
51356
37568
1286
24946
43039
94022
99019
55518
88463
41954
16193
6216
36383
67282
90373
73854
61647
13925
52072
51521
27395
4771
45619
33916
18416
27162
85284
2497
65487
74758
93014
8674
80436
84539
86175
28553
71800
5810
69491
22933
33266
36974
72261
44337
96868
36234
23246
9778
92337
32481
74374
47533
89229
66233
28815
86515
7021
61932
57522
50219
29342
42549
61729
91658
21393
56532
67451
75473
61011
93214
13646
74146
96443
82852
94486
4096
61213
33149
79555
85603
24572
36755
53242
29557
77852
67111
83474
9964
92436
42466
2878
60964
51170
46266
26858
49593
61241
63453
94719
46205
57238
23741
30817
57244
80273
3671
67479
7402
83150
78273
6058
56548
78354
50096
46534
92364
24275
80131
52959
76475
36681
41264
9197
39938
89728
60425
23447
63393
35215
16043
77486
73635
67971
9378
11952
69332
88533
85020
8365
20801
96634
5033
25862
94634
34937
39819
87217
27014
30775
73792
21305
23315
35694
68233
7171
37719
74076
85559
23371
33785
69784
45201
26700
310
23583
58116
85055
72928
66221
75975
27419
77977
6215
26281
62907
76168
45940
87834
90365
5718
98540
8563
98406
79304
77481
19842
39651
72633
81146
75126
61002
51187
71319
21316
77151
17225
91662
75732
28402
26196
24156
79051
92454
95624
50775
79029
87917
56595
55272
97582
91822
17233
49686
56142
27529
5007
48509
72687
85489
80922
21118
91708
49368
36451
20496
91512
50792
24049
72980
28871
22285
28611
17350
42909
14865
86145
82479
40449
87391
23581
81335
26302
86121
29196
48984
49030
85925
23035
3150
14243
81618
3855
45387
25500
72024
83581
77767
33248
97166
1667
84436
9330
33941
11297
4495
90193
39425
45496
70035
4130
3127
23005
32167
82524
12402
15449
99832
85872
54944
62048
66913
99795
44938
86284
62342
40202
69200
93430
74433
23953
96754
24401
89043
90439
42892
79267
63100
29882
6681
56096
15270
27594
94776
10340
9788
67133
68524
44909
94648
50751
19709
74515
64345
95603
45276
42949
59379
13914
66947
91138
51264
79838
72251
84560
14773
35612
83127
47388
53040
43149
98974
95695
12269
23727
21990
76840
33016
14260
27900
88252
84796
53671
71008
68168
2746
31894
94508
72718
49078
78496
45845
99955
66379
59805
11819
22068
83966
82628
91099
95552
1168
80765
95539
46839
3468
41700
20677
33821
33153
41142
49925
80474
41418
19580
36749
25681
62313
60337
68511
38683
87026
30033
91082
49760
32419
20288
2150
68305
17137
80084
35962
64740
17982
37791
27581
28653
41831
88029
93177
20790
84474
46871
42187
54107
35781
82226
81031
41828
5608
19447
14457
12544
33932
94368
61958
43834
55694
4379
55281
95035
63700
15934
59417
41468
35360
25351
7840
10981
53762
40911
12678
24519
56647
89291
83572
48435
57712
59261
84
63317
97246
88126
21757
3088
34664
94560
95597
7511
41103
80004
30736
41061
90729
65495
95901
34074
10937
79433
78367
3667
91744
53740
6960
85477
1965
25253
82785
53
90032
13938
69463
29751
42892
65368
12944
30721
61706
87879
11843
29675
78890
63308
31302
13157
14997
80596
488
68213
718
88792
63614
75371
82054
48137
56379
17091
33679
79961
46841
94967
70120
18180
55412
99038
18359
36217
65493
55269
42838
92137
34125
69768
15428
23818
14263
50254
74811
30888
91744
41470
51170
27177
94562
82113
51512
3707
89420
94133
19025
63325
19549
54859
72894
49415
61135
43103
54500
31190
86289
95122
14863
28728
15277
39429
40416
9392
58024
56243
30657
22791
71463
15435
24953
17231
19919
59945
98362
97045
72357
39472
32536
64451
95380
64775
48212
56079
49804
62637
12183
39235
15144
70714
67226
73257
42856
35155
37986
115
93245
18057
89289
1413
6531
32303
46135
67904
55656
23575
5712
23019
34859
29000
40390
60448
70624
51325
32527
91472
57199
99197
76594
46868
1084
39346
77083
4625
84002
78312
41646
69415
74905
55877
71096
79158
4023
67039
79041
27181
37970
190
68285
34481
18626
25743
59521
36071
20869
22434
25651
14398
13789
39298
29051
63548
89460
50574
30486
12643
60735
87928
49353
21279
640
42265
84562
16495
66662
75150
26585
90093
63632
67348
94438
76828
61966
3228
49645
3213
46600
88426
47428
43694
87256
64912
1653
75120
47218
62114
22446
4115
44676
79062
78902
83760
37304
6266
13178
62114
41526
6833
96838
40274
19302
24171
72431
77470
62132
96128
14636
43814
46988
61001
41285
59410
20005
8540
11332
14307
33594
27266
75816
18389
53267
26678
32505
82349
10146
84412
23926
43365
81802
65787
36233
63153
63642
86744
77372
60973
18870
54641
67652
40037
80054
35443
4859
12608
36168
58457
60397
28458
76273
91906
37161
72189
79889
22380
48855
459
49285
29651
88200
1611
99909
1696
51144
74461
31085
98576
58768
71932
6681
62626
56536
9631
96298
81532
3978
10731
59941
68539
79987
97049
9307
77461
93330
15807
7235
96654
2738
1534
18914
96114
91605
94216
72045
65621
8678
5899
88422
30661
86992
37983
13826
57576
36621
43016
29771
70520
97366
97127
21665
83671
76506
9955
14619
77233
65034
85872
58347
15725
21072
9338
49088
98159
39840
39568
46661
15405
47847
87887
33158
14860
29408
24202
57203
16246
52870
275
77085
8922
75523
24393
24286
2433
20966
1149
43509
85864
51923
32995
94447
62175
99317
29746
70369
32669
51567
65207
69777
63869
47952
40413
55380
1465
34468
62225
14930
7521
4007
22453
84806
8376
77620
67139
62977
89964
72124
88443
92686
76752
7506
33419
68657
90167
67012
47067
105
88207
51140
62514
52596
48088
76516
77320
28818
79008
98303
36168
53025
41756
15988
37345
8423
96900
91758
48715
7023
28108
28063
86897
25706
30843
81931
90014
42871
29834
864
98344
13341
70266
44548
30036
19476
74162
63623
67748
4
5684
2807
43268
35206
93019
62866
14189
26886
47988
96757
25587
83914
32085
78867
79218
48940
75006
25410
66320
58627
68171
8976
53006
1824
11475
62515
5136
14548
95648
31901
80199
84623
3019
38094
11320
75843
46739
80643
43659
16135
52986
5549
98257
93015
20797
67613
25234
65657
10157
30587
95475
42203
28142
91541
5089
64823
63308
6932
86172
5048
38549
60459
47267
311
73720
45513
60024
43326
54839
79470
19599
9005
42123
82809
14424
21435
20949
21632
62951
86516
47068
97177
20316
76289
38760
7285
1620
6278
78426
58797
57452
63428
59974
2580
98541
4767
3790
95979
64408
24825
99932
65172
60526
48733
50715
98783
16925
3928
90227
26688
12195
83586
99231
72033
26592
89531
7149
50963
3708
45520
17905
76896
22962
26044
33222
82652
30520
52075
17762
21562
49580
6874
16053
8187
67452
43290
68606
39105
83922
88788
92522
2241
40922
33478
65162
62423
40050
16427
97935
51059
49197
19865
52869
58002
26531
63332
52073
52520
10105
58112
87369
98744
69320
82756
20342
5478
86893
82505
47368
34467
28333
94929
43151
86920
48578
73189
35057
37310
32998
20375
43557
80442
13434
66182
23722
69574
27924
13984
96100
59770
49700
98626
93333
68586
65057
10298
15732
42681
28436
88718
43565
13579
56800
58613
469
92376
44813
24931
56071
89276
11088
72610
65664
19915
89848
94331
75540
76674
52792
26836
95051
20729
32236
30868
38715
43156
77866
14722
6466
43577
71142
11980
3425
75963
89793
40547
2320
53
12559
19202
34530
98899
76868
61584
12982
138
17691
39579
71190
59624
94787
52293
58032
60102
58758
68027
17263
63322
20726
39999
31797
74504
37078
11623
99927
88057
90307
67902
75925
9988
17406
37801
49588
59784
91799
23652
70010
49276
96886
55947
9542
93181
78953
55925
99881
22631
93094
93562
31429
10111
91227
10677
83584
85164
75706
13188
25765
64550
51802
91436
61783
16167
66732
18586
1939
75231
11259
71492
55137
49827
99102
25006
57878
14565
38910
67145
46794
29375
14623
42806
85521
69320
91693
11400
21944
18825
29859
51718
7901
91273
96635
91984
78315
17572
31501
65721
26801
44475
3558
43827
36766
68485
51463
85481
54812
36644
75446
50053
77510
44370
19078
10002
8390
96857
38814
93243
58447
62690
94344
75954
61652
15077
35608
34765
64036
70239
36055
88971
89123
40706
43819
18293
55206
78822
96356
96543
45642
84573
63494
72877
90929
51332
25550
4371
83962
22870
84483
79508
71964
96603
58011
71596
80831
28093
16007
74953
47895
76891
10556
79284
26717
62294
88094
98446
15404
57000
9418
5557
19029
26645
18497
70662
91040
4250
31533
66204
49663
54722
56945
49270
41104
69336
89393
92631
18352
82518
85466
25511
95255
68539
58608
15319
61139
39324
7891
94722
81668
53969
62797
82222
27057
12240
33179
70066
166
77335
41461
97394
64331
87938
62203
54981
11202
20381
52989
48216
2908
50708
9735
29131
31096
54470
24008
73561
70969
98871
88574
79541
28771
73380
22688
22575
41202
20338
88168
42006
91415
34144
10586
19288
29552
14107
74933
48645
41411
96623
20052
97618
47991
34042
55329
88665
22511
98781
38072
189
32835
85581
2644
70955
27740
58694
99704
72220
24396
64190
49372
32759
78376
46999
27761
63219
29540
2158
22355
9338
37289
16401
79210
98825
93205
47918
26077
89077
23951
16262
82452
4775
10373
40992
83368
57736
6276
87898
13385
52120
37107
43034
6507
6551
44140
2882
80846
84582
91737
80386
88425
32136
32679
59272
54163
32515
7113
41042
50093
92355
63532
76580
18063
17629
58098
36277
36813
34768
91022
42820
24006
83495
12347
97128
14730
99324
76632
59620
28325
29718
35140
6297
31115
98259
38834
70454
41346
96033
40617
56267
35111
22055
73851
44155
58430
30592
58752
83856
7065
77991
75406
2408
2436
86350
97399
77133
61067
51272
25023
72194
18953
59047
15449
51673
1774
6623
90013
41921
52779
92874
19848
9373
6941
91877
82095
95536
45620
56215
24609
49588
94304
18961
38521
45194
41495
58865
11645
49516
66660
66913
82582
51103
33967
4764
49132
46532
42981
74033
27389
24524
62532
2847
95257
42091
85477
71041
30205
70566
88839
19427
81322
27495
93364
36946
69442
24783
11026
63123
74879
85483
15688
37577
70480
92735
46506
68442
97840
20062
8612
74763
28484
65820
9311
51527
93745
94971
92882
60991
83256
50113
1832
98411
52208
49643
87050
1582
28126
70874
89066
24408
17138
33100
67275
91430
82625
74502
85359
22372
29851
14925
25919
68914
54793
13524
17137
94980
10629
36239
48377
90659
4373
20422
37550
50801
53989
7621
88855
51306
44448
30608
31058
89669
91723
23892
45025
20378
82398
54681
14034
97982
78336
403
28874
70154
15998
10072
41325
49050
90183
26860
95212
26833
99623
27543
7147
87193
29470
92824
78798
22344
84636
70036
18943
46718
18780
80871
78719
89227
42170
37018
83335
61646
58418
26229
22841
65751
50487
87404
48904
5006
25900
76181
16128
66605
80386
3930
25172
99176
91663
15626
35843
78893
28807
79434
15589
20838
17626
57256
19863
1596
69322
90992
33857
46741
64711
57015
12961
63422
55176
52853
55158
38787
34856
99184
28170
61275
95707
19699
61116
14529
86604
57821
79786
26557
42932
40630
80856
81186
53273
15004
27647
13488
91393
36828
84565
85689
60337
98301
2228
4929
98918
89718
96490
21086
84495
98911
86109
75167
47525
67684
13368
8841
67624
73142
11607
45213
31096
16412
25707
24597
35213
46600
30634
74701
76787
18884
89526
85662
81029
86858
2344
55557
68869
1779
28601
71971
28117
83207
96045
6718
61429
60595
89532
62532
6553
37401
61406
72431
33126
32769
13491
54724
99593
20301
22380
30454
49205
25547
84505
67783
12471
21667
45072
80463
51383
21552
88023
36469
23597
6636
86670
95418
54750
61955
94684
54165
16370
10218
36692
55385
33331
99560
30083
34802
27299
72434
51033
3694
53978
84917
28754
35545
84603
75500
77440
25825
58450
44242
983
66329
46349
12113
27188
91032
60180
10905
7755
84705
90662
68396
76364
33181
83793
9558
54032
72228
8942
19354
59206
3035
50839
54183
40436
72120
88229
49065
2732
23361
94314
10972
71982
8274
18216
1500
84660
92316
83212
31735
67742
54411
76555
79812
72345
95232
4183
8621
26382
58526
16829
49160
68773
25824
58591
82884
94549
83239
90345
71166
25449
15985
47506
34066
32272
49380
96017
2127
28000
13419
94969
86339
44264
70679
60659
67190
31505
97095
79766
93299
20497
92066
71014
4161
81356
76161
28102
75536
28934
38154
24603
23182
58409
21303
88478
86073
55472
16116
45213
94991
53166
21671
9808
78689
87134
75819
88499
12390
86984
86933
68645
79563
48044
37943
12315
55657
40078
88738
98017
6127
96446
68742
45902
29694
80994
36373
63715
50964
98499
68870
54977
60895
91473
1174
49252
53171
78516
36584
66143
50583
33456
25933
41781
17210
44851
72479
20369
4067
92543
69511
13379
1158
76143
70462
25528
22482
45063
43825
58964
2599
9628
60829
20143
66245
88157
38714
72457
59423
94909
6485
26123
72239
11806
97333
97660
73507
94812
81246
89596
5973
29555
27732
43329
23608
81581
75927
63243
83246
33900
10189
42598
63606
94577
45182
51996
85027
43942
2777
78548
12904
55374
98899
44747
29456
35975
31407
93389
80746
15417
39833
30064
8257
92350
21037
45358
76393
91662
81269
19805
65365
81413
3823
61740
58822
49715
32204
52156
95038
32513
26645
89944
54675
79579
82025
3571
2942
16382
17185
17725
18451
99583
33652
79105
25516
22869
12022
44990
90398
64100
61467
86560
92492
46247
86810
18522
12666
55193
23596
17187
75706
77216
2836
58506
39618
66679
53816
38743
87807
43767
42702
13247
59491
51809
9554
56067
42809
47946
35987
12966
46457
38755
71182
6281
16055
80740
91857
99109
46742
82357
65890
39013
47450
3673
30680
3613
93051
33079
18631
99914
41878
87846
29529
91400
36381
80628
50136
89450
94382
24787
80168
88665
161
5345
20081
98380
22554
1970
93306
33793
48415
30268
15697
52405
61700
20799
91591
36581
41058
54671
45752
46082
34598
36255
90184
78443
2309
36332
12553
58249
16781
53059
57785
37516
56951
61008
97192
69949
77753
45060
61240
7968
27032
25570
20253
63817
83386
41254
12068
88087
12985
17010
47855
54769
58452
66551
30750
54268
61407
52156
40970
52854
47131
13678
60874
36402
19233
34148
38937
29296
22551
63854
91471
6072
90181
33210
46283
39859
40449
66786
87090
52743
52262
20917
37585
78829
59203
60384
12863
58608
32112
67225
92574
19331
75676
76104
7936
58464
94466
28947
95237
3545
23993
83044
4162
20861
5706
83353
40510
64553
49469
76519
40311
18439
61004
79660
40546
87656
10425
65200
6191
86330
57755
18359
37226
55974
78067
81382
33885
6024
97278
70735
88371
89548
41475
99546
52919
13890
71180
7250
69307
54333
24657
49322
62870
83917
73071
53322
35461
56023
6840
98106
4049
17422
68485
13641
88913
40401
38406
77338
64134
39137
61625
55692
39076
63580
84569
13317
64145
26875
81710
40250
77414
74532
95682
38173
5362
6381
60916
11236
50750
846
71141
80914
60331
88897
94192
7556
92600
45401
97303
62234
92607
88732
45080
85055
99871
85983
33214
96727
57940
71292
23444
31877
38370
64562
59796
27670
46545
57466
19934
60525
53682
52993
75844
84652
75104
81255
21218
59772
42882
85330
92587
47865
11181
28912
10462
52700
55622
33767
67768
22310
50212
74523
16355
75878
60500
48219
26443
96360
68022
91016
21201
55547
97829
89604
96857
72540
66932
16050
40318
9956
8980
16656
43270
98411
95890
86670
34192
15351
49565
11818
63305
14597
30661
36937
31773
63699
15423
85395
61579
74791
71077
19212
21586
40736
79450
37931
51271
15959
42923
66137
52873
19889
56945
50823
56971
3204
75379
43468
8336
54531
25641
57466
39062
76680
76699
9052
40968
86845
7656
76206
59063
44871
81250
67801
29667
88816
1238
37802
95796
12656
41033
60653
15525
84438
12798
92331
82496
27128
56117
88701
34788
1013
28973
90956
57666
22627
26890
48807
58600
51995
99442
4640
26228
51293
47889
72387
45387
7008
95932
93844
78594
92410
51858
88228
14136
6057
90175
36304
67623
78588
99034
17846
13135
16417
6318
91988
99635
72043
2902
15263
15327
24863
7489
71101
16646
36027
80502
37471
35371
22244
55409
35391
35413
92235
47274
42098
74278
56380
38775
89385
96644
20514
16456
15210
6198
41082
50192
40390
49291
44818
94755
58775
7059
37758
9659
95288
7889
19479
61845
3841
34824
32496
23416
47901
88179
35383
3029
98025
66449
84995
61098
4844
49469
82592
20449
63118
64668
29909
90134
48278
74191
5454
78229
63940
60776
93195
19778
24327
93785
21060
32402
76827
1447
89943
22710
99491
20574
79888
13720
34144
98783
82611
31741
20875
73172
65577
46187
70293
43877
54469
27652
72696
17858
56626
73553
23608
38624
11067
23354
47708
38017
26422
51601
81156
12268
15662
98670
18854
25275
21867
1717
67240
90003
38560
1332
96764
26063
66961
21064
26675
83445
11327
20192
54335
33194
15026
76505
63786
62369
61186
32360
48300
25870
10465
65014
11245
12505
44264
64613
68280
75342
1053
49297
96375
9746
56478
53970
70481
50544
94957
10718
44733
77169
78391
41483
85793
31081
3746
27026
66892
92462
84659
49967
9228
11908
74298
95461
87980
72756
85594
43454
53614
69147
26489
61200
97537
50078
27840
82012
63199
34843
71119
12688
58022
5787
61121
23627
54961
69668
75991
99296
31442
41931
51587
21652
9646
29319
37971
58338
12820
34688
83672
12958
78364
81221
6355
64855
41977
82621
65563
30709
70650
52598
74125
41441
59074
9050
21360
42852
21730
40607
24515
49448
26320
63133
42182
78010
90855
15322
79874
68145
95674
79521
90806
169
83798
37586
81599
91976
65587
95923
11810
11138
21526
44131
52057
11991
59942
89839
26841
52409
31465
30558
67676
82860
1595
2023
80559
16774
29547
29058
48250
67351
96465
83132
6247
41058
495
15236
76273
65128
11012
67490
71275
48390
35303
90055
10441
63925
75718
72064
52495
77391
14618
30596
26869
77201
24743
10829
6419
23708
14093
20131
70319
66582
73166
48660
13664
25837
53181
45984
91933
63772
39039
50672
20551
16294
48993
42918
52432
18622
79765
25200
18791
23977
8650
18998
9506
61532
40710
40819
52230
34591
42435
89633
821
36083
92580
5613
48564
9487
93363
13641
29432
29862
96376
63488
8397
23749
28855
53060
62051
93240
32871
8003
96341
30476
93131
24632
68919
67503
42926
13598
25595
36084
94080
18176
49920
94034
84071
21067
1016
71468
50660
4613
89365
36587
32580
88534
15727
34760
12671
50628
4980
80582
18704
80766
16716
3867
69170
206
53448
83792
80723
37905
58759
3902
87223
19107
99588
97080
3212
59123
44544
62663
30181
2774
20039
29360
93494
96855
6498
62098
8043
56396
72408
69388
33061
18500
31297
10715
68370
41532
28681
35457
97832
54000
85310
3777
93630
93327
54070
9479
38374
54344
2207
14085
44939
3169
38436
97239
80195
30054
38329
5352
3025
97790
77028
97806
48602
74425
43624
6416
35041
96517
45487
15592
23649
60032
98483
56771
73223
58344
73161
9060
63722
68046
89802
105
27016
69993
88000
14726
49854
4487
80361
84621
49123
88318
90187
29040
17026
50049
24372
35165
27250
42190
8237
58247
59091
78564
36667
69253
15495
46226
8753
2612
47723
20202
27061
47096
8369
31636
31053
83168
65756
61119
92742
98470
23926
93970
33089
29366
95793
93537
47003
33670
87352
33211
25303
98244
35345
90624
34153
61838
49683
92144
9730
81849
93598
58911
44211
14837
78490
36356
14528
91592
72879
35569
60515
77527
47870
81244
41850
15492
77692
71964
73326
89232
31369
47344
94337
3073
99920
9913
31795
61087
14589
8167
42704
19641
35285
87249
40185
70501
78999
8542
52078
9860
22638
55585
72790
49763
751
1218
86602
22526
48726
57398
47172
85215
26071
75376
31455
60868
57347
91825
3851
24767
44346
31291
99343
23158
81703
11332
52539
4587
60636
69382
30442
1238
39530
44243
25488
28463
88605
36997
62566
24936
10483
35924
32303
2774
50327
22464
73573
40464
39070
97102
44741
97167
64765
24016
70484
12822
32869
27517
44428
4844
24349
58112
32200
69188
20602
50572
34792
50238
28572
25580
55296
10822
1896
63192
27619
38905
29694
17444
57352
71048
42454
8531
37398
28790
40220
14570
41426
21691
27973
32703
88833
37547
8429
81199
13596
54385
76815
84014
39568
50196
35072
37434
59662
41884
67240
26569
77558
51822
18782
71936
83866
30386
51807
36869
48818
11638
12874
56972
48349
8075
48955
57422
51598
90541
61634
47640
20762
49601
7231
94560
49084
70806
5725
99666
87459
17646
37992
4744
8826
2518
7820
43640
14609
52625
75691
8743
58157
27923
8795
48987
28873
1161
5082
52847
20774
19862
60462
32191
55351
84951
31453
73059
45122
91560
59526
11513
99827
59968
48347
99355
44099
60151
78876
84015
2272
10089
51792
82141
28378
81682
54658
82491
64554
45400
7638
86116
38558
43656
14311
57416
15045
92633
54878
80861
65844
92333
56529
83283
91826
30742
95413
80421
94887
85365
51681
24746
16379
96413
33474
25643
8558
27447
94036
71856
15636
45214
74660
38644
59402
21450
94655
70967
16186
27562
8565
48689
40294
53898
89904
38691
18165
59188
49419
54730
64055
91891
44529
30349
23831
38387
43892
88758
97980
28997
79686
82045
18811
39262
42135
47328
94365
64350
39531
74383
7625
53038
74743
4835
22894
57538
23032
85935
56622
63967
43185
49934
74698
91766
93951
22268
96998
54414
13690
74369
26425
53536
1898
14600
89812
44220
39843
14158
16236
67081
31103
63477
33990
45833
32215
7192
13150
92890
15325
23225
78035
3129
27961
50518
96082
45858
3934
71002
74846
59922
82473
14864
6937
73933
21781
78867
90898
9883
73661
24128
18187
32590
61103
54829
22885
66303
56585
4595
22538
75574
45908
60230
70327
88071
57593
18661
75812
1785
21220
92429
37138
88579
3988
3208
61392
59216
11675
72067
68585
78369
54264
733
80365
87665
42319
7515
21498
33460
25922
120
79432
60472
91438
90330
70990
5198
40933
1568
5556
20802
91075
28503
64374
73029
64143
25804
14769
58668
80368
75419
9101
52753
32297
4358
24615
42071
36883
27170
24442
65068
59221
27339
79305
97511
99906
15256
66188
19824
20688
70857
23797
22879
88208
32157
76222
26972
35439
33952
78576
1222
23688
77345
78546
55343
32771
78945
13613
20452
32494
20007
83704
69867
15031
48657
40292
64837
20451
67717
53030
53202
87822
50310
68508
88052
79103
1986
57566
3116
44231
18984
55811
77761
94487
45431
11597
60799
43099
63569
99762
88699
68150
94574
42535
39413
71931
95533
54955
13686
63749
70053
33870
27321
22388
75674
70620
61510
90309
24908
28458
