43357
54325
24738
14604
5140
87850
3480
55027
74923
502
8670
86661
83845
97118
47860
78927
17435
80179
83118
72403
53763
4556
7377
7929
8093
6063
29963
63875
66492
51663
52620
14431
29776
69294
58789
31829
66252
13284
88059
93024
39033
67384
69319
21754
85622
50795
37709
8783
86954
25812
74999
82771
41512
53605
34606
32336
62846
42413
5205
70392
4154
30871
82529
70105
42616
69456
91033
878
13
78950
81062
23346
54121
2891
80246
86287
77613
88537
89268
13845
41
33840
48348
80902
5200
31450
32797
93581
39707
5711
56719
91631
50134
90132
28302
19771
13323
36575
13171
26235
32617
1493
88269
42412
61968
18037
33889
7273
76028
18413
74267
10051
46988
17290
62352
47630
36750
23853
91634
15605
84105
95032
51311
46414
32582
43913
72550
58375
48027
94205
75494
49727
71125
91670
94885
21586
23490
25239
98234
71917
55001
70380
16089
98399
99270
13670
32680
42352
89974
65636
94242
76779
17115
75469
11399
56951
31804
1690
48669
63172
98973
63121
10056
73120
94214
48651
28578
63497
85298
86423
6839
70268
37174
83128
83711
49293
26412
14633
14424
60144
24604
30657
24416
62291
39558
90834
69804
74574
7438
93675
31144
61043
34916
96893
52556
66976
26767
48442
71831
34996
86037
89305
90250
41373
18377
51319
73891
70063
48146
37271
40213
22161
8852
70474
23008
11250
19742
88042
73331
28921
61423
44192
3226
42362
85029
62725
53829
65476
80388
49990
23288
31159
64447
93696
92552
60947
13477
78795
39737
18859
78155
88307
16945
14104
53139
7010
69879
18571
31830
17017
71310
5914
11315
85469
9224
97788
63540
51502
57353
29263
26809
28114
92057
32278
9091
83985
63909
94177
81599
6649
43987
14276
74188
35330
94048
57962
87883
55660
15001
29698
10563
95108
54834
14615
79278
39206
517
68893
580
18620
51882
30727
2626
89540
44783
75542
42518
29999
69045
93836
9001
47270
25992
80671
45161
3624
24952
11688
70578
55246
16888
26587
74841
59599
31891
31921
76949
3967
774
21729
22954
33906
86333
54478
65171
99391
96366
1466
12491
35807
73612
63512
20377
44181
73257
18142
13686
14631
49132
56889
67739
59210
33962
53691
31179
68381
65764
54383
22331
6572
63005
83277
73818
98804
45335
54857
28769
58086
75465
84198
17656
27717
13790
47912
47809
37865
94124
8199
37477
17318
52912
77951
39098
50022
3107
86149
98862
43443
53115
11508
52563
32273
96769
35428
29447
38056
3370
61340
70366
5055
80820
1983
60398
17635
58239
55586
60855
22792
42181
80573
17005
91975
47063
80128
58308
67653
54806
39869
31318
56852
47083
84291
17779
15154
56387
55499
58694
24047
23243
75563
62720
89197
28708
7847
12132
36448
4226
25064
5230
45012
9095
62885
63904
65166
57751
99070
19531
24779
84663
20039
24598
61444
87367
70785
21774
23667
77305
61444
44939
28495
49486
98009
62490
17108
11340
7749
9548
93694
49757
58015
53562
58259
3782
42402
71987
31712
70754
98365
84325
21596
57723
15304
5731
489
42629
38642
62009
91928
44535
58325
48841
72204
11494
97259
9536
759
8032
71642
95995
72673
67170
93930
60976
67784
98103
27000
65370
51329
52557
11363
8740
47355
23893
77539
42769
72740
23383
41049
61702
60614
90992
67458
35477
32969
90793
25253
79239
64700
11093
86604
59236
70094
1798
2767
3810
18231
60781
69163
49192
5140
41068
50866
30
28686
78746
32828
32819
82140
60050
21532
23275
65503
44280
44237
9571
22635
96138
58763
96961
56486
37182
57342
48925
87497
37502
21008
37638
3843
21372
89184
4754
8605
47796
97711
98854
17464
35421
76152
30014
39122
69739
14845
37402
51976
5252
11356
96870
85814
70044
86880
40132
63801
67856
50644
6807
48981
40092
34610
54767
86226
44473
24922
85356
2561
13303
91806
9328
76413
12978
80922
67814
48461
49812
51201
29769
84326
87591
60562
33619
2348
19509
57417
16931
83865
61118
54514
9353
56247
16693
58201
95633
85383
11959
35485
93033
47844
57769
34755
23761
481
81134
28710
53950
48719
47618
93068
83563
84795
27541
24531
4061
78740
61799
69323
16241
19658
43100
93821
90405
2642
83805
63049
8736
47494
84651
62286
19518
50857
32000
9409
89563
54184
6980
80864
76059
36348
89705
73409
95892
140
1827
15396
33210
39536
45383
42247
19749
59248
34271
33592
27200
6282
22376
97509
48112
14899
72008
60367
53631
25429
32719
47485
60164
97558
90793
43277
14545
94233
1660
50149
93593
28734
64773
82440
80475
13348
16745
30244
67056
49231
90363
456
2637
36773
54153
74482
35701
11186
30307
38054
18303
34667
1962
63163
67967
24303
71120
3856
66131
35690
23921
13020
35788
28019
46445
20099
86679
66005
64226
28964
32007
51275
63362
75375
20225
62884
23286
84052
95844
41063
54383
32279
90387
69104
23460
32863
32256
6775
717
93966
72758
38450
49019
4746
57603
96977
68113
29722
54624
26439
75043
14413
2975
41832
89802
24659
40560
6414
84738
25967
69136
72630
10432
61412
70222
55783
84882
93837
21851
2226
44597
77289
30350
41269
89389
96499
82385
73530
2373
97039
70475
63485
163
18593
92587
80490
2887
65783
54125
86180
61472
79879
300
70915
17099
95539
77381
36341
55305
87048
70948
51429
47035
9831
1038
67000
99325
10394
93322
74260
34236
41640
3980
51643
1525
42372
98590
37845
88268
57024
28461
86445
8453
97311
89070
10034
47491
35047
69132
94269
79483
53461
64176
36658
35156
94635
88907
90047
94781
28965
40866
14465
83242
45673
16790
75174
56173
19708
28750
71886
25293
85425
89764
60747
30950
49628
62250
71207
30429
28677
83191
31044
85469
89080
76721
64766
97139
89401
70136
95693
94626
35318
9549
70535
10180
58324
69758
84674
91806
68139
44175
16727
28511
64110
44261
47586
42357
44898
61618
70342
58156
12464
17657
60621
9027
89877
83677
46093
74988
45302
3018
87591
6912
7569
479
6312
50237
26703
69143
91986
97470
59830
83027
5397
89109
62523
86853
54231
58087
18996
18428
87827
5860
71788
4423
71037
33281
69935
87975
94691
84756
80453
25077
32400
89419
76668
27949
41770
83594
37085
60854
54075
82015
42401
35375
33900
47428
44125
14936
17773
47216
28312
78330
9650
26842
28093
85172
49656
26923
85836
39555
26277
84030
66346
79117
89068
4279
89433
29834
20272
46910
84451
98191
7808
22167
33136
14776
93921
18239
69719
11250
50665
20196
67632
94658
5319
77729
92104
31797
46593
14005
19790
34757
12085
99583
18122
62853
91617
14168
33101
90218
32606
31309
79428
75861
62886
45784
44742
82881
48694
28858
59181
68389
49039
39735
55041
4839
35351
64621
98319
85758
16252
11474
83481
59778
93976
36874
30504
5586
81968
54338
16028
12289
6903
90444
74724
33726
45680
84599
35432
36190
42929
79210
53411
29512
67266
2333
27535
11645
42724
74003
69529
7266
97038
10872
66195
14348
8275
64179
82984
33863
14528
13513
60842
85219
57217
67758
57895
14235
99331
80392
72314
11235
4948
10946
94
88941
71655
59337
16221
78392
90259
22695
60711
78007
71067
31545
83518
61241
52616
82351
57966
66073
92563
59808
70106
1316
61503
15592
45362
53123
71234
26047
20992
37444
1124
67702
5089
58025
94977
25009
19665
96269
69385
74332
4031
15566
25574
99787
6816
23292
28829
98130
11807
45084
59981
69853
86194
99865
67445
84429
99367
58376
20306
94640
97534
92086
15238
97115
25872
25488
35540
73159
5869
98318
1992
11366
47684
19390
47156
32192
76923
89897
45172
19566
93406
18052
26803
59538
25556
46772
93095
54929
54989
57054
62583
21647
95703
99115
63772
11269
65200
15733
91685
57280
10518
96497
28149
88057
61242
66809
17704
79533
62131
21972
10963
36761
30159
68740
64488
14196
56260
88075
73593
56457
73861
26619
71188
36815
96688
84825
85196
21607
37636
39757
22584
66417
65744
65385
74325
55338
85798
22355
23047
91206
85934
80849
59740
75655
77815
80656
2257
2168
15336
8433
49870
26504
44437
48817
63693
3878
99373
24563
65177
97685
19952
31436
46352
20876
6910
48970
7466
19501
52491
46210
67060
89247
82702
41173
93749
53483
23224
54590
93266
42512
73154
45242
5324
7555
85056
11605
27495
24390
18642
29901
4966
69571
8984
56293
13522
72870
79109
63144
14874
36277
60301
34168
96596
13868
72184
25842
9793
39993
67352
38720
81774
19633
52087
24091
79062
4973
15562
68218
79750
84005
89762
77819
5593
19494
47009
72941
15937
61459
52489
21272
57351
6038
89520
71210
50122
45857
94640
24958
30051
87622
59291
13131
74761
35695
72075
2662
57936
9370
48087
93333
21933
95573
53378
45746
64404
49842
69038
17943
74786
90663
22830
90060
48151
73573
39897
69419
31643
98610
66682
73292
46977
67429
45123
54194
78057
26302
23426
48561
45151
34719
77196
80026
72352
50091
83062
74148
69181
42298
19523
27001
62169
59990
33528
19450
3308
25205
57291
33968
59274
54323
14105
75280
38558
41291
35094
53354
24335
83153
30047
94767
76837
2703
91084
52060
62468
66363
75234
14855
71895
24146
7333
44965
67209
87315
4842
31733
52364
59674
83114
97101
24636
88055
88946
4895
32253
87018
51032
97543
12801
52542
21672
12660
64263
59167
14844
15088
45757
64857
97994
59758
43686
43951
95543
88527
81238
47700
82665
72113
85882
56361
8634
98421
72180
68660
18249
71275
90244
98105
75723
40476
40739
44600
83935
60788
63881
22338
42078
23178
17550
72985
87857
55245
42189
21700
15037
32332
41989
41035
7129
18498
65241
31733
3008
47645
60407
94748
578
93834
57814
14378
66197
82750
81336
146
62729
20387
62319
92077
13048
67901
34844
3631
36220
27832
94674
39141
94683
15056
49689
57390
24638
65308
50991
45971
46175
35544
57481
11300
1536
6638
18583
96465
36249
59169
53381
66401
50185
53813
1789
94675
52238
84638
25066
85231
74671
64707
7992
8359
98966
67023
72983
3887
14075
4884
11711
30518
84540
9116
69677
10368
98921
39565
27339
16706
68283
89592
18989
1370
57637
84319
4088
88680
81378
12256
65885
28620
974
21827
28931
93117
31249
74140
94051
63875
41974
81020
31309
12979
42457
45883
69639
26884
88511
81562
33366
39154
78048
96760
42389
99663
50079
627
69602
37089
10138
53657
3032
27196
52956
85034
65975
28572
13680
99851
94496
33982
80913
70922
51548
83068
72860
76073
75709
71396
63399
51497
17852
52501
8683
58709
23904
99829
5980
30023
7616
91505
36857
40635
69984
50449
4831
44270
59576
73623
14488
23282
13139
93461
42417
43057
11122
21320
96393
69339
63760
74260
48292
67471
68961
24797
95904
62754
29587
76640
36703
3534
92567
28204
90467
66906
49433
30560
98841
53506
30186
65410
33675
4579
93631
84121
71193
41541
32530
85192
81570
36645
11878
62984
91004
74654
69097
11105
42371
72052
97938
51364
94798
73277
98761
10631
20829
72619
83782
95198
11919
85530
76689
20914
39888
64563
38568
89857
84687
13723
64000
92531
27917
14939
81315
56692
47281
22540
58200
99282
50617
48446
5792
19701
12971
23782
64827
85557
8234
49858
29323
78909
43204
25290
52593
73403
45544
58869
88020
26752
81525
13349
45312
42298
41069
30512
59210
40907
33512
66124
21810
76006
12325
4246
45889
79462
97339
99006
51090
60395
6862
66931
90253
75058
36574
39847
39790
41519
441
84638
49828
49130
87728
30585
79606
54675
27206
47033
90432
22979
41957
81906
57051
96337
56171
22862
63610
43213
84066
41562
75728
43100
92942
91633
49200
55665
38495
84995
1964
64036
9158
61570
76351
49842
73699
99497
51110
77361
14045
43210
87528
59022
91147
60658
96087
24453
72144
46746
7279
34300
32036
47629
47643
48765
59436
6257
42999
11662
94668
92276
21103
3726
32339
49300
74726
9198
29108
28619
8596
29481
56565
73238
62503
37602
87872
47712
7498
12537
21463
65007
50211
37033
99044
50443
39733
52449
68270
19686
34982
44701
45512
41709
42587
96768
9892
53610
59808
72720
72069
80050
14884
62638
85650
24178
20352
36817
75270
90833
89720
14334
12292
1025
62810
57286
19431
19464
13604
72220
65432
2054
48866
48561
11385
11138
7157
40462
53598
52597
29935
10253
32571
51506
45722
6741
8760
88817
72536
7312
90626
88439
5925
73354
42811
1636
7353
26568
63345
55416
48202
36803
51724
18370
15503
71040
92993
49671
54975
57293
61636
78988
48887
2010
4794
74208
71066
20401
4460
88296
99635
59507
43864
43528
14742
76561
73601
59019
60804
30980
32038
1008
19885
96009
85584
35665
34064
85564
63429
42192
18462
68368
35226
20513
65149
9737
90022
15598
34792
22326
67089
39147
32052
44046
23979
87127
73229
84582
22105
99563
16926
32684
36682
94690
6544
66723
57895
78149
58666
92347
22569
47026
89110
72140
49893
80200
43012
21999
59394
46962
33160
29177
96236
41165
59775
52821
6048
70968
70287
60125
66279
56375
12652
1813
44032
62116
39382
90852
78742
88595
84960
12911
61329
42912
51052
99796
96136
83671
76273
84576
72660
13983
77247
74413
70943
5924
98553
31452
71707
64287
65025
38314
70320
27013
82801
88050
5613
95913
29701
90464
90880
5038
29463
14157
55584
98189
43330
28764
92967
66464
64712
74159
82174
90441
68591
82663
32240
8001
83238
10454
81152
89025
4613
48067
6999
94726
93778
39129
88341
7749
26976
5964
9609
60043
6962
89321
84411
34831
54334
20057
34375
6487
91404
20690
96676
20388
77053
59674
19586
11451
17545
31513
22131
37136
67232
6201
80064
87761
83602
73469
55964
37900
86539
98747
5717
46238
51606
57783
47174
59961
77634
15614
94186
69202
11874
91228
10188
56036
64589
54138
99290
66148
32742
76087
63287
81026
29783
62594
79727
18520
50102
99729
82757
66034
66666
63938
98473
37115
37958
34347
70341
63296
32691
73951
96566
1698
60429
89760
8920
18718
92996
49564
44954
13969
55586
91014
49905
15146
97164
70897
38217
58896
96386
8747
52629
66924
2560
31508
91687
23157
91015
50073
78556
31126
65206
51345
44911
17502
1041
83956
43309
92036
46756
64499
77192
48501
66945
12664
54949
37884
7269
22875
16529
30060
6232
94141
59664
98189
93395
57349
21718
21472
50908
46357
75566
91633
63277
3080
83671
17688
64596
31498
27119
83372
23507
99156
6312
35525
18726
89986
86967
84748
42820
61139
25835
13953
25823
47197
55706
265
15302
35434
10167
66162
24682
49491
85632
44036
65790
64823
340
68133
45143
17015
52610
70409
52179
37554
50620
1493
61622
91640
38826
34542
6351
6445
31035
8163
95513
60285
86807
12052
65661
85462
1488
57725
25461
38598
90326
51778
23083
54066
62249
62137
98880
4944
73
48719
777
48897
23114
66424
76436
24590
27908
81303
85672
8670
87078
4389
51466
8338
7530
82434
82396
27006
85156
89429
33280
43108
25812
72386
84442
33453
58939
57415
4019
53927
94250
64370
40762
9878
44725
46691
36357
22328
55111
97465
29653
67066
24719
63132
28279
87920
69656
13831
94567
78197
17207
85552
41423
48063
73629
47573
66798
77821
79340
80228
72436
45265
24295
14887
19304
93508
93250
34922
38220
95498
77336
13738
25
6899
87291
24540
15108
81515
72389
32439
64322
42799
32013
224
44552
32748
48438
80976
70378
72310
12770
22116
38565
7489
76036
49696
40985
11584
27891
64256
15662
82968
13242
55613
47959
21600
96780
82777
12788
66839
64949
12519
76497
21825
587
42617
92204
80671
26435
12616
75572
77707
48257
36474
16429
56877
95079
75411
18992
40029
84078
18906
19374
67190
46131
45638
52213
9650
74696
33030
60812
82183
50923
23594
56056
44350
42644
48273
51393
73805
38024
26255
17551
12400
1451
9499
68494
12072
78546
58707
88592
67055
23766
45420
97489
90007
27397
15161
32982
40511
74002
78263
81647
4081
8525
64404
62107
75707
39917
7578
52811
76424
52105
89979
78591
99674
54342
67450
42668
79366
14027
99444
90111
53131
10736
75657
43067
47216
40629
61707
56254
66234
80303
94146
13154
81000
78013
72601
11647
26635
19576
27816
29773
17668
24617
62367
5319
49852
71605
56396
35596
95738
81747
88810
30527
1189
72191
85062
23471
70998
4647
19598
34000
78456
95170
70073
89160
63007
1504
52013
98118
23458
51483
30353
37004
30999
20461
80943
94605
24138
66237
7333
25969
38777
67473
82985
30934
36751
34407
44407
96977
20027
702
39736
14866
27436
19535
57424
10022
52876
93465
28484
35925
30165
86618
85159
98635
43316
85209
18112
89908
15065
5344
92025
68736
96248
9704
81958
19911
81951
97516
8719
5606
26644
71327
49916
3399
39307
84634
44861
77695
55041
49134
19507
54480
13272
40151
64126
37935
70031
21009
82884
9792
12412
50756
64219
55549
37129
39355
5619
61814
55817
31507
83331
44498
18997
79823
9838
67891
89704
68552
73554
37144
62355
16321
85261
14428
25885
66648
95244
30587
76155
14168
77521
70549
63720
5196
24288
56235
75009
49967
75014
30983
68448
96895
6983
71032
12818
70319
26530
13242
97623
76667
81347
33204
55158
54199
60742
91643
85498
63552
88386
10772
94286
34228
63482
93815
91344
25981
36539
8271
63764
66056
58162
6397
92408
84724
64878
23196
34783
43206
17293
7840
24717
7706
83078
20952
56382
57363
98226
32466
52739
48563
43735
797
92250
31879
65938
22762
36808
13466
68065
19980
89366
72810
53739
26718
60710
83127
37037
63236
58896
10999
98465
40873
7389
98150
32652
11655
17215
81339
12837
62246
87499
50838
50045
57051
79412
77558
73136
5042
25221
32423
49446
90919
75739
25688
90277
98477
42013
77674
5527
95953
45529
4165
39956
35545
16348
5093
55884
37638
56909
51601
69267
95929
75206
90540
63657
8690
46288
80644
21477
55379
60763
22632
89693
44099
1207
41495
44981
33838
40529
63827
49825
79594
75245
8341
90873
41780
96125
67450
77656
1785
98555
57690
53361
69265
59401
57753
77359
12645
95650
67575
44646
97489
7644
78882
94811
57156
83709
65579
79949
72325
11511
25878
33759
9488
67042
15019
60228
35774
15700
36425
72677
64195
11839
45306
88625
41232
80935
45154
90114
34072
52222
73265
39272
87536
254
52888
9780
9136
21891
24280
12483
1302
63075
26101
98821
30762
13386
25642
66857
46203
99094
18935
10567
60648
17164
46325
1129
78715
23477
45449
79223
75824
83992
40503
63805
33268
75253
90030
44028
57033
25083
673
22922
58533
24551
80534
96230
70969
92123
12567
40636
23759
34358
8518
89937
29293
96757
53966
80268
99831
63750
71764
40641
17009
51172
16301
52059
94689
30964
88008
24102
11603
13627
62860
74550
33494
37658
24828
9015
52740
49895
71799
65874
4639
46185
27325
1400
16310
83503
5066
71566
99495
62670
75495
17269
86110
99478
74454
27253
31356
25071
92203
95238
61171
24437
66491
76699
85357
10413
52268
267
11885
97027
65291
70333
62637
94082
55581
44975
38854
56751
23853
32643
64462
44866
52516
60807
39420
50241
16823
81664
78375
1499
11066
13650
7276
41630
42547
7085
41486
79414
58217
45752
91736
86499
18554
60211
93566
70645
23084
27372
96162
34087
69051
86624
88850
68149
14161
97931
10510
96475
33524
54894
72807
53707
2810
93372
53987
8490
75703
59105
98141
83912
22135
45519
26602
73563
11591
82503
68150
9047
20877
13664
19693
17260
15448
87767
62773
81371
30193
79092
79481
66838
94673
95988
88640
49876
31181
23704
37980
51917
35245
19434
32511
31896
14266
38119
23462
75807
55957
66029
86426
54139
42244
7906
22380
70546
423
88318
59581
57769
20201
51767
31488
62855
48210
5927
91351
14633
25241
39324
97817
73755
29271
83163
18838
77977
39895
24626
76177
95619
16105
75385
16972
44662
43893
22724
52322
429
23181
13800
49037
12915
66044
45255
18696
9315
83866
84090
66446
70782
44705
99354
16705
48936
62394
1130
21287
9632
22737
60677
30767
46874
67783
41664
33873
10011
67269
94203
80180
2320
94478
90473
7209
34636
72718
83705
7732
14396
52271
33089
34890
1096
29162
15334
86198
94280
14842
97483
25494
12544
27788
45747
34147
40250
15186
22452
44174
76223
67479
67514
23717
10481
686
83125
68660
12008
84867
8801
3529
93927
52083
22288
58864
24826
71095
22742
30813
11406
77882
54032
44968
27949
57900
45841
32049
56405
96112
24139
60229
37460
464
97015
22394
43907
40368
99489
9940
45499
84416
96082
3946
70776
37674
40507
83458
43337
38188
85052
15225
31120
8768
30254
68063
87196
53334
9651
1343
46977
15043
51608
60668
20369
66834
31555
83702
59193
38713
39583
75372
54298
9255
17409
79836
52835
60250
91063
70598
98568
4973
90412
99790
82848
74702
31834
47104
72896
50573
40140
47886
5200
42224
36591
67317
62983
97603
99797
28606
48425
1773
26149
48608
97497
71295
27874
75202
89915
98693
45174
17950
619
50110
64507
44066
98260
50921
53223
57008
8238
58581
6769
40676
80695
95387
62596
90614
37452
14823
78847
25077
93093
48560
83782
2964
77995
95561
68041
27137
41942
40208
99342
2768
37351
26532
76029
89462
76414
91444
30377
69009
54649
98099
94902
24101
63882
3815
32011
58273
36372
66816
95606
69792
30338
50246
13622
46572
9316
7723
70505
24093
38631
97855
78514
61662
34863
33698
76582
10033
62963
53941
18452
88233
72213
56490
34223
19316
49149
83993
15321
47036
70226
36436
15213
12643
42516
14514
98505
9836
30552
26312
22
18521
39777
79766
75926
46254
81752
30013
47657
42388
90887
60782
83452
42842
2903
1854
9615
54678
49412
19605
75200
14025
95738
25798
58425
91041
8143
40537
23795
66072
2461
3364
16198
75961
15961
31736
71438
10979
40725
92632
82043
47270
20814
36228
80469
71626
85747
69299
36586
83406
24019
287
5430
12942
4385
97690
73390
23391
92519
37343
75849
74324
68036
88003
18795
47682
31748
42187
35599
96896
73050
74039
74192
68488
24636
92379
15060
73851
11163
86350
84566
46657
90750
48379
62926
77166
7226
26165
38239
67072
17968
232
58045
22660
10595
18314
97369
26936
49300
40625
30443
98603
97532
83998
43131
25409
70597
74902
91211
48755
56293
68626
48389
58419
216
71724
61756
73229
16378
52858
16193
66408
39166
93975
17157
79180
76333
88988
14470
79710
99902
42126
96024
56071
49742
86513
66225
33619
31549
10363
58800
91636
41253
9379
4139
19463
14487
53527
96756
35662
20916
19789
25128
95964
98084
46898
85396
39728
61687
47262
11396
77337
77782
83432
99081
49720
73893
74997
27237
93730
31159
60492
63990
30532
37454
35525
74814
51233
42445
70144
61835
88567
8476
58835
94247
13952
51320
20923
69278
68852
14228
62738
78343
52652
32656
6945
34738
36769
29428
73133
91596
57427
78697
96302
66418
39622
76724
8477
14927
77030
68688
42155
28691
32203
34119
57678
627
27319
77036
21430
70519
4765
31064
76446
99941
56124
4704
52703
41287
56232
35919
70558
97850
12586
25413
60901
75670
38493
28844
9710
92373
39481
35378
35388
89410
85486
82056
13252
9216
48710
19702
35913
82676
22957
74552
58374
45040
37420
38137
45411
66108
91536
27019
13162
74435
61994
9504
3092
54551
53679
16361
85597
34498
65312
33992
24150
8523
73380
41939
30841
94593
48752
83624
94198
76423
14761
47143
25996
17436
45185
6385
76884
95622
70973
11899
95511
58170
21143
4431
50624
74346
84287
61343
76972
6027
82748
4742
4414
57186
21137
63549
10671
97003
67514
44151
10307
5862
22677
36378
87638
1790
64830
97627
32597
54615
91187
96692
93417
68884
93270
59588
19629
71458
26129
38595
60801
69444
86227
5632
91224
3995
78968
73210
61932
45682
88584
76855
42098
87108
8886
2660
32359
17642
94664
44650
77161
65829
9302
93289
62146
2116
61579
40564
31007
88755
36425
57032
7392
8032
4681
11210
9448
6155
17087
19548
71571
81865
54076
22620
83495
34389
82414
51642
40899
54164
9090
18835
87701
49987
78218
75567
94920
32671
95193
29043
44762
67345
40650
2243
82411
51508
31585
11768
54289
40932
2121
99226
18761
65445
76861
81402
10984
48301
88418
2223
65167
29359
90961
64683
60605
33253
50547
21080
77854
81529
54053
91477
54113
59536
25242
5319
68232
9588
27776
27774
14328
21116
29434
91877
58608
34138
59117
31205
26199
98048
58007
37271
74062
79056
56665
82116
772
27839
5589
32891
70600
93605
56594
5517
44729
37508
12700
36393
24410
95571
86025
88271
95137
81574
51286
46099
84238
24283
75408
41137
52793
17475
56655
66311
18788
53995
28349
67571
592
40166
81428
97801
21803
15353
13669
4273
82918
43298
84180
30108
38565
90566
48257
42753
5424
69942
9954
87224
29191
49821
96683
5905
80338
68040
54800
21874
50038
14003
49825
35564
34115
32044
46420
90137
39178
97670
76193
29268
67052
50845
838
32020
50990
44896
4651
55238
78345
39232
19520
61670
9821
90067
60546
96411
29798
79109
98908
2412
36422
13917
18794
82691
40962
60359
73913
64764
10761
33251
99979
3113
40655
83817
94678
93286
96696
23926
61740
62644
37103
11864
34389
86740
77206
17427
98808
11649
31448
69645
90265
12394
51130
68348
95452
81163
76369
55306
41895
10120
35501
50050
18630
74405
56146
32922
36136
90053
8615
70940
74151
49949
13959
47507
15525
35091
76341
72270
13201
97656
91661
18292
45993
50848
59830
59141
7290
82074
67315
73353
1283
55888
50297
8375
24823
84221
29178
90628
22112
52773
91071
50918
96289
22358
62581
94915
36244
77497
94719
72091
22835
51413
4841
29327
14962
15328
62332
5324
50408
80899
83853
25240
52783
26217
33681
88696
53985
21187
27275
38203
26274
73051
48741
25831
97661
12499
74749
18654
16551
56506
56566
20652
10751
89898
72464
63344
79703
15969
64434
24805
54316
27321
51108
60459
8752
65830
58777
61047
61897
63564
69193
35700
51571
22299
55068
61780
30848
48136
72162
6039
97024
71209
69984
69654
27771
58828
65382
80173
80507
61556
58235
60451
6759
48242
92825
43127
81866
40604
70070
99880
4691
30028
89399
74945
77717
76856
59817
34944
81358
75049
86250
52738
75844
43866
68801
92973
24363
17231
76878
32056
5412
975
47100
61435
60288
93088
64659
53519
38658
12926
44042
80513
78178
79095
62330
57496
96429
56806
52430
65600
35530
56777
82263
59411
69015
93858
92859
49892
41682
49127
53581
50823
53301
20326
28152
65440
49784
97976
53588
60870
50938
77056
57276
84532
45114
71969
93654
33708
39743
56793
66417
23912
12088
74814
67597
88767
82782
95380
63028
60912
18069
16456
17127
18029
64785
15531
21299
1543
40790
88526
99778
23730
75607
16439
52877
72341
68960
63902
71311
99473
28783
54054
66581
92715
99165
62267
80882
88376
74651
11652
43695
3364
30807
71813
94495
12735
91614
82261
21201
43012
54203
46806
927
61574
48702
71958
50851
97370
55704
60865
48969
88668
35746
75745
52127
69375
51197
50547
79752
4724
12148
58151
49041
21493
73469
30676
8283
27791
50207
19701
46711
15370
90958
88004
73647
37623
95249
48498
54913
22005
31109
55680
40199
5023
95258
29020
71537
8277
76827
16828
60341
93830
87467
46128
89628
90935
5003
34247
75645
10930
81016
80577
13255
87086
98481
84876
79096
61975
31350
34334
86891
73306
64395
25677
61422
67952
65436
21230
18737
86052
3036
46408
42746
26882
93382
36916
9942
61181
79684
59220
97994
58013
75661
71501
49864
1060
69832
47202
56572
55004
85839
5998
33926
33151
72624
29949
34626
97793
54669
93800
44803
23774
77443
92076
86334
92444
56935
92870
17186
70684
16108
47085
79494
259
8002
15915
93851
50367
19224
87385
54080
67545
95938
96919
74197
39222
75285
17189
91687
13128
28911
95296
98121
99191
68852
52156
7492
6248
34388
90043
19269
90888
65288
98599
34421
41752
34875
30898
77318
33172
6565
39175
68744
75809
6129
86124
48156
65715
11361
16759
1984
18456
37544
4650
81993
32293
18549
27308
56143
23227
47599
60197
84866
8309
52380
89686
72378
89040
764
70323
7660
50007
20146
27934
31352
16746
57378
99778
73695
16779
70101
22120
19858
73126
85146
89785
71494
59002
89832
79664
82148
51463
81662
29147
30909
19190
64683
16014
23322
67487
77545
30948
74481
61980
10243
63220
84403
63528
46872
32780
94243
83314
75480
75724
4417
46852
40075
51009
613
14699
4785
19772
42215
39458
38436
80654
64858
78559
62329
62787
25977
13370
26406
6617
66873
95126
64509
13723
91711
77965
78102
99550
48779
10620
76811
78967
61073
23784
52477
18038
6760
54923
75509
63172
62108
30719
4164
5973
38046
12806
73611
48489
19579
99891
76599
39973
49801
18265
32388
6408
35838
17519
30530
4877
94907
49532
62229
54557
69894
13284
43702
95310
29205
16719
59063
65723
8550
38834
54756
40577
37452
35709
41925
30324
99011
73536
77312
73244
34500
52539
93211
40719
50869
51936
37823
45836
2904
32871
29272
15697
53923
70894
41625
64698
66767
53643
21340
77623
14538
95535
93383
21128
53960
44345
91946
85495
58806
24340
15429
60051
58927
38094
87783
59684
92071
20022
32848
97296
86469
17136
78328
38633
67021
46137
83593
34640
52955
27762
75591
57930
14348
13579
40209
66109
7286
3981
31071
97576
84184
1091
41002
96413
27628
48806
28235
54331
55353
10500
21371
97676
4454
18701
12250
25655
87080
91449
81644
93827
24956
6137
13533
11562
66544
26392
72677
3733
80091
43662
53735
58969
59885
42210
25907
78190
61665
11320
56907
39464
55632
68542
55203
67348
81055
82543
24226
69585
48888
8643
91813
16968
11958
50771
92866
84905
86681
89708
83337
29187
74170
91728
79111
25632
80761
51555
61028
59483
42546
26840
79725
13695
82030
73561
13932
76349
17109
92653
28307
45193
27648
64041
27479
38642
80845
43862
53849
63772
82477
12794
73760
25500
77719
5670
44514
2351
45567
73563
70274
90295
31617
79002
32243
60019
32119
62791
6234
13914
65131
33209
59953
83860
518
53729
25864
28277
86758
57460
4870
2935
16910
68022
96814
91731
38327
90981
30301
18651
50628
31551
99599
53271
67124
24369
23969
75930
24881
73310
63409
38144
66533
7784
68289
22342
55020
2877
60443
18758
48324
76673
89902
5166
92033
91668
2327
40444
61501
32576
73179
80536
3180
28866
53680
12398
87662
7378
78876
64198
3390
13488
16021
29378
67047
43917
96615
24084
26423
18963
53684
66969
23979
14450
24949
62677
7881
21545
287
35212
98573
96973
31137
98394
14459
98744
40298
13617
64115
37777
54183
85901
21891
5715
99242
70869
94326
37469
3686
36271
234
93527
72183
71744
16736
98139
98142
68192
93036
69255
23658
42678
12972
81630
98418
58037
48949
84309
96959
44562
61768
78049
22631
72225
37060
71130
6708
20587
81045
98700
5955
54030
7179
57819
22119
70929
45445
47632
89774
53827
44876
80228
94268
13967
15740
67751
59539
98717
51485
98094
41588
80808
74416
58743
16671
2295
16357
71162
5783
57499
50185
40014
80705
5892
87068
3348
56042
44896
28160
25284
72328
50545
39598
32147
21017
44170
64963
85662
7816
87110
63224
97237
90990
7589
55951
52838
19796
52355
85161
74725
68631
35318
94868
47190
68133
9925
92322
41847
51043
52000
64693
10124
65041
73536
86518
17384
17509
77531
67141
52820
88468
63683
68298
36320
81359
11677
58538
30852
1546
29209
40053
82225
48344
79923
54972
92280
21746
36676
94977
93654
81910
19557
80326
11132
99276
79106
1191
31127
37540
8951
91524
57120
69755
1386
11094
88706
27645
32388
84611
22146
1540
44205
51821
73328
70878
25059
20996
31882
6765
24535
33340
17415
78247
48516
72505
4807
40318
14796
8359
10804
93530
80241
20998
43636
24226
53069
25986
59982
35898
97199
43584
9815
55303
403
34613
13432
37453
42652
83761
77886
28601
36496
27544
19133
96698
59184
47601
44514
3626
6419
59928
32148
43755
39998
15918
99493
37997
62178
88624
51675
81516
3921
56965
11637
87350
89470
51984
83900
44649
46001
15142
71849
62171
52996
52985
66061
9844
16062
95251
77760
92917
40201
2911
54665
48060
79985
47201
9479
95551
96763
48869
4474
31670
16415
53716
80145
62421
85412
92868
1809
64023
51095
38023
64542
74806
36968
15363
73
91959
93729
89250
2550
16355
63619
27807
91049
39535
4318
42369
22349
27165
26637
83397
57152
78907
43340
93907
56062
20329
13432
51731
85481
4825
47297
83896
15474
51887
71438
34554
3046
74280
56429
71298
31672
91863
97685
32350
93287
31977
5978
84500
8012
31850
25740
60755
64866
68001
95853
33541
38962
50710
82925
5698
20217
38132
26148
19550
99481
99722
18411
93601
63609
77003
25879
14135
43226
12309
18867
2174
30007
10607
61656
40477
25399
61035
35884
46229
4211
72331
93749
68623
13182
55167
95608
52468
55350
38669
64819
77756
96806
67498
30163
16670
12245
30916
66546
83878
93807
36290
52464
19428
27693
44099
15693
9441
95683
96003
19233
19149
35783
8796
54328
4052
38137
96489
1421
26959
3379
16966
24290
77174
10382
60947
38425
79411
23182
6583
73619
47154
48747
18657
19266
92084
5022
90570
15052
16899
55364
71607
41343
60832
69842
53210
25931
83512
14005
18903
11329
58613
52196
54756
82054
40592
81061
27914
41267
42628
86520
16809
92909
46623
56772
1240
59068
42002
72956
30537
53514
78087
29166
20778
8345
24145
56776
79752
55137
76895
9927
22702
10726
62155
95741
67180
44946
40751
79102
35635
564
91319
28903
28540
16404
84817
27244
77896
91121
48289
40541
91938
30426
25233
50100
21921
1989
55462
64317
82666
16879
16142
83938
91666
76913
83477
94098
46208
16635
9910
30094
34385
40943
27822
88080
78869
87741
78253
19128
17879
36983
82118
55636
251
84080
20422
84875
97919
17877
14593
28614
87428
92680
84839
16347
78630
31765
77078
53912
34662
8756
75113
15240
47433
6490
19406
37893
69657
16027
87158
14299
81769
92864
80485
85941
75382
78016
30473
2694
48841
68863
32647
8405
29689
13696
39889
18502
40078
65768
9715
52705
79552
41297
59085
55138
31006
69863
34555
47036
46122
37955
29936
51626
93825
865
62370
31188
64345
41824
56606
34938
90979
42581
65980
82240
56399
84588
5165
85814
96175
62653
59121
1763
66964
21223
72229
20750
44212
15531
17337
57416
41486
51784
75136
81881
92452
53358
63712
28453
24486
46625
42474
96475
25808
89548
88067
95962
43753
53951
79009
62656
58060
79047
71633
69265
68964
92105
55797
75040
3441
75419
99532
96285
20039
48670
67209
14235
18837
43419
53157
4989
77091
38841
84143
59484
17172
98104
44770
20535
55563
18414
15600
67864
62346
75676
51386
7391
55702
94700
46977
41805
15894
89609
99895
73391
51674
50458
97071
83589
51001
1244
46483
56878
89522
74043
22227
78226
47444
1805
82107
45676
67513
4108
1918
11985
91117
19918
22863
8865
54125
33123
78798
92585
63018
84874
64959
95539
88620
95759
22806
78667
76019
74725
18159
58862
33401
90844
17722
46193
32852
6367
947
80043
13591
50990
41295
62560
48184
70739
57715
14636
35404
70210
87487
38760
30351
61905
42248
17115
18912
14258
67875
87168
24008
63306
48060
49040
85787
3119
8102
69612
17783
47170
35150
40074
2185
38054
85384
99257
2608
22397
93195
85586
1817
57406
52760
78205
19977
16724
31509
8029
9497
246
4057
54521
23931
63294
28832
30280
53563
32265
18205
44408
42721
86442
60399
45371
1523
80587
3532
67983
8600
28641
82139
43625
67735
30314
10974
47133
93053
5382
68364
37484
40541
23439
60956
10634
37521
82807
26653
60970
62847
55901
96643
29385
76696
88171
71771
68148
27482
68302
576
72023
7156
51091
65382
23972
74665
73371
21332
90011
11278
42843
49487
48124
96654
73618
87537
88230
15022
17223
35352
29771
18762
383
92538
90162
41597
16344
93878
38280
88160
22693
41222
49573
69482
6343
93970
15063
47573
46404
3070
73037
8449
59622
93987
7649
32978
75250
21978
14850
63637
77924
51220
21597
79296
62340
76040
73928
62646
80103
8804
22540
92458
15396
19076
86412
42267
4560
90145
42358
72670
49497
91104
79204
46490
27196
28075
18095
63596
34052
50045
45490
35914
99776
90231
80182
66821
75903
79024
69407
65447
82090
85801
22962
84604
87518
85086
80385
83822
1252
25432
25301
96360
66095
99135
12343
30492
59410
38637
22715
59392
75547
2590
65129
98130
67312
76899
65641
95580
59908
16054
99530
80948
15606
75944
83984
93626
29991
87926
26552
47332
24182
53850
7113
29303
77113
97438
86520
12011
13466
1035
64855
51889
26252
6975
35676
18609
52360
75549
74026
2251
92552
56351
66622
27807
97663
75846
2360
23241
48532
70034
68612
95236
17241
27629
45156
59055
36940
34593
87932
49484
1513
59466
99161
60997
5098
65062
29151
54282
37660
42281
51885
74229
82367
94254
10159
41039
85434
9159
60320
7627
22328
79349
23834
7888
21091
69939
39548
94868
20443
55661
56758
75139
85459
46958
54772
14271
28553
83223
87045
88001
2880
86635
21863
99230
84892
70695
53520
41574
61305
87823
16219
58565
47335
18467
88718
70508
39942
28241
87748
41194
66459
31589
92443
17139
98732
90619
79772
24675
85726
76084
49571
15036
94728
53958
37898
30858
99315
25870
63318
1160
15792
15010
29117
27516
75190
42209
18163
9149
77815
37483
62928
21589
39454
17773
26111
79169
16680
27604
41413
70549
65532
93379
62028
14908
61351
1120
35116
55357
90680
2920
79477
82778
35541
62147
95579
40818
51193
10834
85374
52102
44587
27429
81844
78489
89563
74793
52886
26192
72155
670
91236
74329
2903
18631
118
70535
3539
58331
40128
92571
63136
82808
74240
29215
54587
89527
18503
37261
64258
57082
68098
23980
49748
90786
83909
7034
98083
67358
45811
7525
70680
17277
33131
30643
24228
72708
23314
56353
55615
86203
30746
83624
89567
37506
34764
21500
78006
42882
53591
7695
16071
59806
11828
16179
94887
97351
30581
99356
3117
41775
80618
59043
47029
22869
58192
47623
15607
92991
30839
75629
34078
678
66798
25385
8616
30731
21805
89269
99641
89767
24318
6206
47484
96832
70280
6366
8599
99768
81370
55619
61610
83520
25745
18799
25156
33929
82502
8665
39394
29979
25559
48528
34181
60478
25072
93536
63631
36982
1046
74637
28697
52044
12656
14268
4244
6311
8370
52465
10938
87193
10279
54579
40592
35093
59546
76492
68603
88991
51713
43629
4379
55996
35207
98414
8713
6088
87125
81618
39816
40839
23484
78825
26763
43571
65
5391
9027
41748
29637
72145
36643
61389
29680
27376
46706
10323
1818
52703
48716
41177
81269
6023
53430
22150
39642
7145
43772
26664
12975
57603
45192
38210
70898
80524
865
85761
4357
52057
38206
86476
84406
94914
40741
80858
21929
36127
99397
3549
23460
91851
90764
17756
28823
8683
4774
29278
53542
84968
87827
13058
4148
54679
38819
68780
19565
87962
59792
81178
48593
27488
41400
63700
35096
99719
26454
58210
78406
75874
44284
46199
37741
90581
99503
55819
40665
65437
92511
30791
51612
60333
90338
6074
50711
48755
35532
83112
89185
9881
75500
79457
56663
53479
43750
34896
53216
59749
55464
76522
13596
32286
41004
36230
35113
50561
17353
55916
90097
25857
46294
96678
96403
98780
44605
28947
84012
33689
27127
90010
22626
96682
24137
19516
2925
43057
63931
32162
22562
3551
16977
91637
51997
57048
27720
55213
99627
70482
76494
58977
28178
46811
17406
78589
12413
9050
74775
98706
13415
17838
27225
56775
34531
31316
83099
62189
17446
69092
11115
42448
6802
19834
60899
53449
57375
71954
25508
5456
3496
62476
81682
59439
75472
26288
29548
3378
24431
29195
8838
39995
70621
83735
83525
55122
92633
8568
40406
84697
45302
64195
30379
42077
25155
9401
20627
15016
69429
88817
33877
81940
83252
38548
9001
43546
73343
39426
59667
14888
78652
67218
30365
59537
85152
21910
64687
10943
33335
47741
41870
30947
48913
62930
63534
35981
25162
82657
69141
75127
29971
88890
69934
2651
57570
23310
29670
76421
98259
69526
7015
29732
29913
3475
81647
90362
3910
42321
80012
16082
28242
57252
54358
5425
77003
91668
38281
27109
45306
86005
99293
75994
36654
19983
45860
69963
14119
87677
35327
34454
79040
77745
79677
90376
22394
80308
47473
47608
72706
92618
8335
93008
32126
20052
30372
28581
11193
15215
60207
10663
92968
57466
84575
99796
82424
38646
91914
92296
19831
39686
90246
51855
82779
96693
16488
32218
74802
55318
88408
1264
45512
23207
57837
7036
79
96367
88714
77316
46510
2150
78388
45690
12232
45780
98671
24139
91719
82609
15860
85876
32901
19916
15857
61589
18167
64615
44669
49854
26326
58239
38358
13317
57580
89962
36953
94970
87992
29017
49309
94514
82237
10461
90317
35135
50669
40486
15488
23521
93325
90182
26167
36789
21862
90515
18546
3307
72904
52652
54607
57206
65050
27795
2592
8189
6146
89273
88904
61422
18445
49719
47634
47186
63036
57304
53133
52444
63148
83732
51624
11483
20800
33559
40678
45006
70029
92353
18942
38231
37698
61606
61298
99688
88210
1205
36394
22042
82431
12502
86381
89661
99108
73485
54235
68138
81343
96475
50537
91092
2041
23875
38361
48892
65907
66378
26358
75876
70672
28471
73545
67515
11513
80987
84827
25623
44913
67338
40520
70913
25685
98183
59036
1898
39247
92126
59405
51900
30040
45418
33300
93355
58919
70935
3401
25610
96091
66946
91802
11833
72960
19452
44999
41212
97185
84845
46429
9704
57867
58037
35406
81366
44890
25646
77354
88826
53347
6798
75516
95821
14524
16169
97218
3910
41707
73715
82122
55463
55786
61122
90694
27923
4180
15890
35788
50590
7215
20706
87373
3005
64054
1211
57840
54429
78849
49777
5802
66575
59059
74114
40987
46368
67872
66908
69256
35367
39801
35259
22225
81080
82710
62896
32751
67542
6238
97245
68684
14821
80054
55420
17886
85980
97924
10208
47073
75705
93118
80979
28720
72111
33332
27774
58272
43419
23511
73799
98425
91348
53572
13493
34258
57441
24337
88943
3720
9284
1267
49826
45083
32788
71978
26689
74437
44232
30025
6023
55287
95247
29797
22616
59953
87933
44634
79173
31582
49632
90997
19662
54858
52433
66561
45730
17281
45285
2065
92770
74630
83075
36935
94660
21164
94672
24863
4340
5172
83750
97211
39316
82084
49827
10507
19075
27104
85086
57816
91644
7816
79700
72942
41301
62542
17761
29220
9320
50546
66890
61097
74735
71036
44694
77197
92616
58165
27837
29673
8216
31010
70809
68140
28908
82398
40505
77762
30490
6834
46421
18851
37446
15348
47387
3286
6241
64154
96935
1696
18731
7481
20754
31533
42457
702
64994
58298
3186
92360
607
94780
97459
67584
5669
6032
34674
33015
1653
4000
47008
49242
10054
10319
75560
6004
28793
73889
33652
64833
2858
42762
46190
2986
60546
77074
98052
21153
95753
86433
69573
11866
94937
79180
73000
73797
24718
13884
28683
1444
41626
22648
84441
4237
7541
84879
28581
96797
12593
708
95635
8055
45803
41430
76886
30328
96478
73162
8468
82008
33873
86199
88261
53152
2385
32430
96730
28514
20057
42340
69915
30009
9485
28734
66633
55230
56839
89624
98658
96612
79080
45586
24322
99633
32208
60119
55015
47705
15657
52619
55469
61912
27613
8944
41367
22604
23561
61109
25775
48333
20233
98268
89797
266
49714
66950
40148
1985
82686
17470
17122
81691
51714
59390
55942
10978
44572
87810
80739
70751
21096
48007
97651
25524
46578
39071
78879
34035
56293
5781
96138
35385
70178
66935
52398
65483
64749
36421
59326
19979
24481
63892
45738
92567
44771
15359
60577
66974
42419
72042
63409
14720
71455
37972
81290
93345
97523
94842
45440
91369
54571
28130
70511
64315
55945
33002
88953
79792
67393
39533
85419
50671
8049
79887
80830
10604
32558
45542
57944
92986
62618
75365
62163
93550
96050
88421
30518
31602
51076
59826
93503
54562
94429
72112
6530
19430
16064
15113
57995
75276
24691
74516
57983
68290
33844
12034
10912
55981
14729
3944
4400
32009
40756
96165
80909
50366
88581
28495
84443
38619
63337
43454
90079
12337
39553
88116
99879
83599
59341
52135
48999
75989
71559
57613
45758
63063
14573
57027
6135
48944
54102
12634
15019
88256
97285
97598
65156
46756
8827
74212
82781
34897
46759
21264
73381
76524
52185
96544
17026
46504
52916
31929
22322
70589
3297
74540
4396
48130
63840
36004
64997
78024
41402
18190
40559
71698
79314
49957
7932
65236
50489
21498
27360
64135
95649
87901
23188
66854
85513
49002
71991
81000
71479
8242
65615
56506
86917
57765
62733
82904
48690
14169
23694
95048
1688
51258
28542
36340
67165
28302
53784
54146
98755
50403
14152
18097
50267
38872
48401
44402
1239
59717
5322
36929
78396
76487
50051
28254
49462
45900
81317
72940
60453
11287
57336
68070
45942
27249
41118
23225
18349
45549
13756
53026
68477
49653
4697
19588
95418
66934
68191
59397
90629
20101
92639
6823
2567
86700
19377
798
36089
99734
75960
35315
65856
4626
78372
28372
91382
97319
4209
91509
10883
38933
11149
9479
83019
86979
68055
96563
81280
69003
95875
11188
84280
83550
55386
88942
26
99029
64318
97199
12434
4149
44363
87680
12900
73726
23128
91751
32605
29808
49917
90749
58628
88155
20015
94759
37488
65185
80391
16243
47923
67690
16384
20689
81716
98788
33855
73131
40219
27349
76973
69411
87685
39263
8704
88359
11351
86670
22968
92115
81455
5473
21029
4900
22197
59858
5509
92596
47921
7652
25899
6583
84631
28904
99163
86065
22525
97100
62418
74962
80781
56225
92451
81487
61813
55687
61308
85661
71772
11831
61671
1932
70287
41292
87020
19295
95642
45423
85908
54052
68498
29566
91848
92468
31278
23001
71960
81704
6262
62697
7031
58101
30516
98828
94148
78758
13639
55489
75331
47158
53751
40300
15562
17830
60450
64551
38520
10273
21429
59686
31071
74665
14838
38597
46722
64541
92510
36720
79098
22186
92260
38734
23187
39563
70069
60907
71667
70366
94815
37025
87706
16420
17964
95427
34564
51285
46861
15493
25964
57790
28364
85803
811
23160
86147
72236
77886
82886
46794
10434
18885
55083
95371
16465
6952
15877
77139
76530
9684
77642
80993
51132
59683
2557
58496
91405
18586
15277
84145
98362
60363
64331
66978
44561
50523
74213
58843
46343
97886
46052
37463
40643
63614
36990
8783
45573
33755
4857
23858
4597
78508
63133
30801
4836
29764
60725
69814
42497
53071
48738
92533
26426
90971
43963
86107
58892
62260
41828
66467
24010
75688
9386
2024
93318
25993
83673
30324
91167
92144
8283
31542
42407
90175
29261
49170
54415
11519
38143
79539
4945
72584
38855
52604
37402
14239
39715
35868
13906
8473
36905
14591
79273
20190
21549
56417
49792
59113
74511
26525
97489
54348
75709
28420
85532
74480
42892
27657
67984
29081
80271
63033
6002
34504
97522
26953
64492
23195
40022
80999
91989
8495
87048
63762
99385
55974
92096
64710
45253
2851
61875
32879
81937
72625
70966
17567
88394
98532
15088
87226
75547
84951
18842
74734
99991
20756
2933
74497
12422
90003
58088
91555
36138
66746
51637
53122
29100
65794
77239
12795
72488
78266
69402
13870
99314
48900
54231
27691
87491
60958
6763
67209
53988
65467
34515
97782
66197
64112
58853
57096
90971
37995
26670
9361
75780
21917
48196
37329
4472
61784
47623
54949
63774
13971
44249
71774
40167
13834
70582
77901
74396
13282
73170
12954
68703
76715
54222
55667
33792
22655
55511
2337
84319
46887
57659
8183
93400
43292
37544
47812
97840
21514
74275
75079
54362
4145
81890
47938
64775
59045
3175
88840
65992
68534
99705
29776
97345
85386
21248
27723
10219
9637
15453
47954
96134
49355
47908
62360
55546
70748
42263
36510
13960
52766
43744
75558
38578
45689
90442
92960
52963
98907
63708
26048
57180
6203
43828
68304
46684
6427
16348
93921
9579
22439
53612
87677
79524
7963
84444
45624
17341
54721
85571
42053
84756
39510
62481
29797
25752
76206
89157
11098
75120
83598
67660
22393
3532
66328
2903
39646
82406
46596
69847
48921
80692
75977
9752
15079
10030
1691
95927
69212
91382
87022
49057
71131
66152
18488
37578
27816
72416
74773
33863
88052
77155
9028
77608
24
55595
3439
68021
317
68370
78440
41124
63672
86106
53454
60533
23571
10774
60111
68906
15558
8377
31623
69062
55141
95161
18759
30400
52851
97983
61649
60228
45812
4878
28960
65926
55040
19374
29636
42116
79571
38932
35594
21784
63425
80784
94267
34774
84263
35122
54331
14088
47772
40281
99121
99076
52839
18234
64551
4806
83658
74793
95367
17487
80860
42343
43877
78266
72501
21289
86716
89335
78370
76960
71216
55270
6136
41738
97363
63057
94437
54325
39363
8102
31042
96939
68336
45392
60965
67295
59323
11793
13394
52594
17818
5534
76625
4065
63129
83703
91580
99311
72826
1537
10767
26795
23261
16642
93634
31934
16474
10393
9554
17139
35019
23639
9691
90883
2535
85118
7362
83132
16777
88852
75950
24685
64015
69763
86711
26736
41918
9329
13623
96693
14531
45111
49630
12903
91957
5025
13985
11358
81494
10529
58450
30784
56343
495
49002
37268
80091
8385
33827
73893
3892
10211
54275
95791
38090
79156
88594
49417
24282
25021
13196
32815
58811
57614
31122
91594
56828
14454
69467
37086
15496
17918
25705
34001
51756
19459
99990
5619
34223
91983
75916
6478
16448
2739
47091
38763
82894
33187
26342
71198
44560
34670
41087
60272
30597
26616
98129
44903
5909
37526
52084
74036
45207
8485
37338
71320
23436
53575
10688
59540
10952
13531
52609
92779
82929
29079
70436
38550
37855
33733
58390
35717
67556
30168
13938
66381
41061
32842
18781
22002
39110
39891
86446
12946
86980
1832
24362
43083
71772
36717
76750
46346
99657
48024
34693
65425
66315
20100
30170
92292
86658
65678
25159
76785
7321
2800
93963
59033
94144
61048
25691
90079
114
40516
36559
48108
30006
30364
60733
74909
38400
44139
24099
7370
16439
72220
72061
62835
30738
23629
80247
27497
44123
15474
7261
68854
29909
51977
24462
31562
96666
6006
32174
81795
80541
11835
90
78680
91247
27957
30103
79266
56957
39381
61699
40071
41846
82201
19853
69189
362
69799
21153
29176
34797
43685
1659
27912
71227
65848
55421
11953
62902
31768
1884
86800
54539
49196
46420
71623
4083
52967
95899
67310
69717
33150
66387
29879
80584
53380
1497
81947
39735
70917
47611
99525
23325
62779
57607
80731
36975
33840
39390
91077
93817
75089
79079
74428
69280
80331
25824
46352
78695
77958
69391
7541
84654
77754
25238
31947
8308
15569
74373
83337
71645
1467
38345
26566
40302
70792
94051
899
84981
65670
52020
67960
14278
51191
70420
40314
64000
58573
75266
88293
43311
62821
15669
47308
31082
18782
55280
77370
38492
1300
50612
55748
18336
14526
76880
70861
59909
22944
78708
15093
58801
24045
50179
41375
17634
72860
7527
51486
30479
81638
75198
507
75438
98394
72081
32069
41262
86109
64390
58230
10980
60161
31211
70270
80228
38305
99923
42959
36549
57238
4958
41540
48999
96537
20144
18478
4752
37302
24579
2812
177
74025
21208
86118
64904
96983
71881
89398
94111
58508
93306
37108
35217
62732
33646
33613
19757
25464
25846
98911
11507
43552
48644
33316
42171
15743
47006
51512
28533
40791
67630
51784
40107
98762
46677
65017
83234
4338
80320
6962
3104
82046
95059
