13
22
24
25
26
30
41
65
73
73
79
90
94
114
118
140
146
163
177
216
224
232
234
246
251
254
259
265
266
267
287
287
300
317
340
362
383
403
423
429
441
456
464
479
481
489
495
502
507
517
518
564
576
578
580
587
592
607
613
619
627
627
670
673
678
686
702
702
708
717
759
764
772
774
777
797
798
811
838
865
865
878
899
927
947
974
975
1008
1025
1035
1038
1041
1046
1060
1091
1096
1120
1124
1129
1130
1160
1189
1191
1205
1207
1211
1239
1240
1244
1252
1264
1267
1283
1300
1302
1316
1343
1370
1386
1400
1421
1444
1451
1466
1467
1488
1493
1493
1497
1499
1504
1513
1523
1525
1536
1537
1540
1543
1546
1636
1653
1659
1660
1688
1690
1691
1696
1698
1763
1773
1785
1789
1790
1798
1805
1809
1813
1817
1818
1827
1832
1854
1884
1898
1918
1932
1962
1964
1983
1984
1985
1989
1992
2010
2024
2041
2054
2065
2116
2121
2150
2168
2174
2185
2223
2226
2243
2251
2257
2295
2320
2327
2333
2337
2348
2351
2360
2373
2385
2412
2461
2535
2550
2557
2560
2561
2567
2590
2592
2608
2626
2637
2642
2651
2660
2662
2694
2703
2739
2767
2768
2800
2810
2812
2851
2858
2877
2880
2887
2891
2903
2903
2903
2904
2911
2920
2925
2933
2935
2964
2975
2986
3005
3008
3018
3032
3036
3046
3070
3080
3092
3104
3107
3113
3117
3119
3175
3180
3186
3226
3286
3297
3307
3308
3348
3364
3364
3370
3378
3379
3390
3399
3401
3439
3441
3475
3480
3496
3529
3532
3532
3534
3539
3549
3551
3624
3626
3631
3686
3720
3726
3733
3782
3810
3815
3843
3856
3878
3887
3892
3910
3910
3921
3944
3946
3967
3980
3981
3995
4000
4019
4031
4052
4057
4061
4065
4081
4083
4088
4108
4139
4145
4148
4149
4154
4164
4165
4180
4209
4211
4226
4237
4244
4246
4273
4279
4318
4338
4340
4357
4379
4385
4389
4396
4400
4414
4417
4423
4431
4454
4460
4472
4474
4556
4560
4579
4597
4613
4626
4639
4647
4650
4651
4681
4691
4697
4704
4724
4742
4746
4752
4754
4765
4774
4785
4794
4806
4807
4825
4831
4836
4839
4841
4842
4857
4870
4877
4878
4884
4895
4900
4944
4945
4948
4958
4966
4973
4973
4989
5003
5022
5023
5025
5038
5042
5055
5066
5089
5089
5093
5098
5140
5140
5165
5166
5172
5196
5200
5200
5205
5230
5252
5319
5319
5319
5322
5324
5324
5344
5382
5391
5397
5412
5424
5425
5430
5456
5473
5509
5517
5527
5534
5586
5589
5593
5606
5613
5619
5619
5632
5669
5670
5698
5711
5715
5717
5731
5781
5783
5792
5802
5860
5862
5869
5892
5905
5909
5914
5924
5925
5927
5955
5964
5973
5978
5980
5998
6002
6004
6006
6023
6023
6027
6032
6038
6039
6048
6063
6074
6088
6129
6135
6136
6137
6146
6155
6201
6203
6206
6232
6234
6238
6241
6248
6257
6262
6282
6311
6312
6312
6343
6351
6366
6367
6385
6397
6408
6414
6419
6427
6445
6478
6487
6490
6530
6544
6565
6572
6583
6583
6617
6638
6649
6708
6741
6759
6760
6763
6765
6769
6775
6798
6802
6807
6816
6823
6834
6839
6862
6899
6903
6910
6912
6945
6952
6962
6962
6975
6980
6983
6999
7010
7015
7031
7034
7036
7085
7113
7129
7145
7156
7157
7179
7209
7215
7226
7261
7266
7269
7273
7276
7279
7286
7290
7312
7321
7333
7333
7353
7362
7370
7377
7378
7389
7391
7392
7438
7466
7481
7489
7492
7498
7525
7527
7530
7541
7541
7555
7569
7578
7589
7616
7627
7644
7649
7652
7660
7695
7706
7723
7732
7749
7749
7784
7808
7816
7816
7840
7847
7881
7888
7906
7929
7932
7963
7992
8001
8002
8012
8029
8032
8032
8049
8055
8093
8102
8102
8143
8163
8183
8189
8199
8216
8234
8238
8242
8271
8275
8277
8283
8283
8308
8309
8335
8338
8341
8345
8359
8359
8370
8375
8377
8385
8405
8433
8449
8453
8468
8473
8476
8477
8485
8490
8495
8518
8523
8525
8550
8568
8596
8599
8600
8605
8615
8616
8634
8643
8665
8670
8670
8683
8683
8690
8704
8713
8719
8736
8740
8747
8752
8756
8760
8768
8783
8783
8796
8801
8804
8827
8838
8852
8865
8886
8920
8944
8951
8984
9001
9001
9015
9027
9027
9028
9047
9050
9090
9091
9095
9116
9136
9149
9158
9159
9198
9216
9224
9255
9284
9302
9315
9316
9320
9328
9329
9353
9361
9370
9379
9386
9401
9409
9441
9448
9479
9479
9485
9488
9497
9499
9504
9536
9548
9549
9554
9571
9579
9588
9609
9615
9632
9637
9650
9650
9651
9684
9691
9704
9704
9710
9715
9737
9752
9780
9792
9793
9815
9821
9831
9836
9838
9844
9878
9881
9892
9910
9925
9927
9940
9942
9954
10011
10022
10030
10033
10034
10051
10054
10056
10120
10124
10138
10159
10167
10180
10188
10208
10211
10219
10243
10253
10273
10279
10307
10319
10323
10363
10368
10382
10393
10394
10413
10432
10434
10454
10461
10481
10500
10507
10510
10518
10529
10563
10567
10595
10604
10607
10620
10631
10634
10663
10671
10688
10726
10736
10751
10761
10767
10772
10774
10804
10834
10872
10883
10912
10930
10938
10943
10946
10952
10963
10974
10978
10979
10980
10984
10999
11066
11093
11094
11098
11105
11115
11122
11132
11138
11149
11163
11186
11188
11193
11210
11235
11250
11250
11269
11278
11287
11300
11315
11320
11329
11340
11351
11356
11358
11361
11363
11366
11385
11396
11399
11406
11451
11474
11483
11494
11507
11508
11511
11513
11519
11562
11584
11591
11603
11605
11637
11645
11647
11649
11652
11655
11662
11677
11688
11711
11768
11793
11807
11828
11831
11833
11835
11839
11864
11866
11874
11878
11885
11899
11919
11953
11958
11959
11985
12008
12011
12034
12052
12072
12085
12088
12132
12148
12232
12245
12250
12256
12289
12292
12309
12325
12337
12343
12394
12398
12400
12412
12413
12422
12434
12464
12483
12491
12499
12502
12519
12537
12544
12567
12586
12593
12616
12634
12643
12645
12652
12656
12660
12664
12700
12735
12770
12788
12794
12795
12801
12806
12818
12837
12900
12903
12911
12915
12926
12942
12946
12954
12971
12972
12975
12978
12979
13020
13048
13058
13128
13131
13139
13154
13162
13171
13182
13196
13201
13242
13242
13252
13255
13272
13282
13284
13284
13303
13317
13323
13348
13349
13370
13386
13394
13415
13432
13432
13466
13466
13477
13488
13493
13513
13522
13531
13533
13579
13591
13596
13604
13617
13622
13623
13627
13639
13650
13664
13669
13670
13680
13686
13695
13696
13723
13723
13738
13756
13790
13800
13831
13834
13845
13868
13870
13884
13906
13914
13917
13932
13938
13952
13953
13959
13960
13967
13969
13971
13983
13985
14003
14005
14005
14025
14027
14045
14075
14088
14104
14105
14119
14135
14152
14157
14161
14168
14168
14169
14196
14228
14235
14235
14239
14258
14266
14268
14271
14276
14278
14299
14328
14334
14348
14348
14378
14396
14413
14424
14428
14431
14450
14454
14459
14465
14470
14487
14488
14514
14524
14526
14528
14531
14538
14545
14573
14591
14593
14604
14615
14631
14633
14633
14636
14699
14720
14729
14742
14761
14776
14796
14821
14823
14838
14842
14844
14845
14850
14855
14866
14874
14884
14887
14888
14899
14908
14927
14936
14939
14962
15001
15010
15016
15019
15019
15022
15036
15037
15043
15052
15056
15060
15063
15065
15079
15088
15088
15093
15108
15113
15142
15146
15154
15161
15186
15213
15215
15225
15238
15240
15277
15302
15304
15321
15328
15334
15336
15348
15353
15359
15363
15370
15396
15396
15429
15448
15453
15474
15474
15488
15493
15496
15503
15525
15531
15531
15558
15562
15562
15566
15569
15592
15598
15600
15605
15606
15607
15614
15657
15662
15669
15693
15697
15700
15733
15740
15743
15792
15857
15860
15877
15890
15894
15915
15918
15937
15961
15969
16014
16021
16027
16028
16054
16062
16064
16071
16082
16089
16105
16108
16142
16169
16179
16193
16198
16219
16221
16241
16243
16252
16301
16310
16321
16344
16347
16348
16348
16355
16357
16361
16378
16384
16404
16415
16420
16429
16439
16439
16448
16456
16465
16474
16488
16529
16551
16635
16642
16670
16671
16680
16693
16705
16706
16719
16724
16727
16736
16745
16746
16759
16777
16779
16790
16809
16823
16828
16879
16888
16899
16910
16926
16931
16945
16966
16968
16972
16977
17005
17009
17015
17017
17026
17087
17099
17099
17108
17109
17115
17115
17122
17127
17136
17139
17139
17157
17164
17172
17186
17189
17207
17215
17223
17231
17241
17260
17260
17269
17277
17281
2065
17290
17293
17318
17337
17341
17353
17384
17406
17409
17415
17427
17435
17436
17446
17464
17470
17475
17487
17502
17509
17519
17545
17550
17551
17567
17634
17635
17642
17656
17657
17668
17688
17704
17722
17756
17761
17773
17773
17779
17783
17818
17830
17838
17852
17877
17879
17886
17918
17943
17950
17964
17968
18029
18037
18038
18052
18069
18095
18097
18112
18122
18142
18159
18163
18167
18190
18205
18231
18234
18239
18249
18265
18292
18303
18314
18336
18349
18370
18377
18411
18413
18414
18428
18445
18452
18456
18462
18467
18478
18488
18498
18502
18503
18520
18521
18546
18549
18554
18571
18583
18586
18593
18609
18620
18630
18631
18642
18651
18654
18657
18696
18701
18718
18726
18731
18737
18758
18759
18761
18762
18781
18782
18788
18794
18795
18799
18835
18837
18838
18842
18851
18859
18867
18885
18903
18906
18912
18935
18942
18963
18989
18992
18996
18997
19075
19076
19128
19133
19149
19190
19224
19233
19266
19269
19295
19304
19316
19374
19374
19377
19390
19406
19428
19430
19431
19434
19450
19452
19459
19463
19464
19494
19501
19507
19509
19516
19518
19520
19523
19531
19535
19548
19550
19557
19565
19566
19576
19579
19586
19588
19598
19605
19629
19633
19658
19662
19665
19686
19701
19701
19702
19708
19742
19749
19757
19771
19772
19789
19790
19796
19831
19834
19853
19858
19885
19911
19916
19918
19952
19977
19979
19980
19983
20015
20022
20027
20039
20039
20052
20057
20057
20099
20100
20101
20144
20146
20190
20196
20196
20201
20217
20225
20233
20272
20306
20326
20329
20352
20369
20377
20387
20388
20401
20422
20443
20461
20513
20535
20587
20627
20652
20689
20690
20706
20750
20754
20756
20778
20800
20814
20829
20876
20877
20914
20916
20923
20952
20992
20996
20998
21008
21009
21017
21029
21080
21091
21096
21103
21116
21128
21137
21143
21153
21153
21164
21187
21201
21208
21223
21230
21248
21264
21272
21287
21289
21299
21320
21332
21340
21371
21372
21429
21430
21463
21472
21477
21493
21498
21500
21514
21532
21545
21549
21586
21589
21596
21597
21600
21607
21647
21672
21700
21718
21729
21746
21754
21774
21784
21803
21805
21810
21825
21827
21851
21862
21863
21874
21891
21891
21910
21917
21921
21929
21933
21972
21978
21999
22002
22005
22042
22105
22112
22116
22119
22120
22131
22135
22146
22150
22161
22167
22186
22197
22225
22227
22288
22299
22322
22326
22328
22328
22331
22338
22342
22349
22355
22358
22376
22380
22393
22394
22394
22397
22439
22452
22525
22540
22540
22562
22569
22584
22604
22616
22620
22626
22631
22632
22635
22648
22655
22660
22677
22693
22695
22702
22715
22724
22737
22742
22762
22792
22806
22830
22835
22862
22863
8865
22869
22875
22922
22944
22954
22957
22962
22968
22979
23001
23008
23047
23083
23084
23114
23128
23128
23157
23160
23178
23181
23182
23187
23188
23195
23196
23207
23224
23225
23227
23241
23243
23261
23275
23282
23286
23288
23292
23310
23314
23322
23325
23346
23383
23391
23426
23436
23439
23458
23460
23460
23462
23471
23477
23484
23490
23507
23511
23521
23561
23571
23594
23629
23639
23658
23667
23694
1688
23704
23717
23730
23759
23761
23766
23774
23782
23784
23795
23834
23853
23853
23858
23875
23893
23893
23904
5980
23912
23921
23926
23931
23969
23972
23979
23979
23980
24008
24010
24019
24045
24047
24084
24091
24093
24099
24101
3815
24102
24137
24138
24139
24139
24145
24146
24150
24178
24182
24226
24226
24228
24280
24282
24283
24288
24290
24295
24303
24318
24322
24335
24337
24340
24362
24363
24369
24390
24410
24416
24431
24437
24453
24462
24481
24486
24531
24535
17415
24540
24551
24563
24563
24579
24590
24598
24604
24617
24626
24636
24636
24638
24659
24675
24682
24685
24691
24717
24718
24719
24738
24779
20039
24797
24805
24823
24826
24828
24863
24881
24922
24949
24952
24956
24958
25009
25021
25059
25064
25066
25071
25072
25077
25077
25083
25128
25155
25156
25159
25162
25205
25221
25233
25238
25239
25240
25241
25242
25253
25284
25290
25293
25301
25385
25399
25409
25413
25429
25432
25461
25464
25488
25494
25500
25508
25524
25556
25559
25574
25610
25623
25632
25642
25646
25655
25677
25685
25688
25691
25705
25740
25745
25752
25775
25798
25808
25812
25812
25823
25824
25831
25835
25842
25846
25857
25864
25870
25872
25878
25879
25885
25899
25907
25931
25964
25967
25969
25977
25981
25986
25992
25993
25996
26047
26048
26101
26111
26129
26148
26149
26165
26167
26192
26199
26217
26235
26252
26255
26274
26277
26288
26302
26312
26326
26342
26358
26392
26392
26406
26412
26423
26426
26435
26439
26454
26504
26525
26530
26532
26552
26566
26568
26587
26602
26616
26619
26635
26637
26644
26653
26664
26670
26689
26703
26718
26736
26752
26763
26767
26795
26803
26809
26840
26842
26882
26884
26923
26936
26953
26959
26976
27000
27001
27006
27013
27019
27104
27109
27119
27127
27137
27165
27196
27196
27200
27206
27225
27237
27244
27249
27253
27275
27308
27319
27321
27321
27325
27339
27349
27360
27372
27376
27397
27429
27436
27479
27482
27488
27495
27497
27516
27535
27541
27544
27604
27613
27628
27629
27645
27648
27657
27691
27693
27717
27720
27723
27762
27771
27774
27774
27776
27788
27791
27795
27807
27807
27816
27816
27822
27832
27837
27839
27874
27891
27908
27912
27914
27917
27923
27934
27949
27949
27957
28019
28075
28093
28114
28130
28149
28152
28160
28178
28204
28235
28241
28242
28254
28277
28279
28302
28302
28307
28312
28349
28364
28372
28372
28420
28453
28461
28471
28484
28495
28495
28511
28514
28533
28540
28542
28553
28572
28578
28581
28581
28601
27544
28606
28614
28619
28620
28641
28677
28683
28686
28691
28697
28708
28710
28720
28734
28734
28750
28764
28769
28783
28793
28823
28829
28832
28844
28858
28866
28903
28904
28908
28911
28921
28931
28947
28960
28964
28965
29017
29020
29043
29079
29081
29100
29108
29117
29147
29151
29162
29166
29176
29177
29178
29187
29191
29195
29205
29209
29215
29220
29261
29263
29268
29271
29272
29278
29293
29303
29323
29327
29359
29378
29385
29428
29434
29447
29463
29481
29512
29548
29566
29587
29636
29637
29653
29670
29673
29680
29689
29698
29701
29722
29732
29764
29769
29771
29773
29776
29776
29783
29797
29797
29798
29808
29834
29879
29901
8984
29909
29913
29935
29936
29949
29963
29971
29979
29991
29999
30006
30007
30009
30013
30014
30023
30025
30028
30040
30047
30051
30060
30094
30103
30108
30159
30163
30165
30168
30170
30186
30193
30244
30254
30280
30301
30307
30314
30324
30324
30328
30338
30350
30351
30353
30364
30365
30372
30377
30379
30400
30426
30429
30443
30473
30479
30490
30492
30504
30512
30516
30518
30518
30527
30530
30532
30537
30552
30560
30581
30585
30587
14168
30597
30643
30657
30676
30719
30727
30731
30738
30746
30762
30767
30784
30791
30801
30807
30813
30839
30841
30848
30852
30858
25870
15010
30871
30898
30909
30916
30934
30947
30948
30950
30964
30980
30983
30999
31006
31007
31010
31035
31042
31044
31064
31071
31071
31082
31109
31120
31122
31126
31127
31137
31144
31159
31159
31179
31181
31188
31205
31211
31211
31249
31278
31309
31309
31316
31318
31350
31352
31356
31436
31448
31450
31452
31488
31498
31507
31508
31509
31513
31533
31542
31545
31549
31551
31555
31562
31582
31585
31589
31602
31617
31623
31643
31670
31672
31712
31733
31733
31736
31748
31765
31768
31797
31804
31829
31830
31834
31850
31879
31882
31891
31896
31921
31929
31934
31947
31977
32000
32000
32007
32009
32011
32013
32020
32036
32038
32044
32049
32052
32056
32069
32119
32126
32147
32148
32162
32174
32192
32203
32208
32218
32240
32243
32253
32256
32265
32273
32278
32279
32286
32293
32332
32336
32339
32350
32359
32388
32388
32400
32423
32430
32439
32466
32511
32530
32558
32571
32576
32582
32597
32605
32606
32617
32643
32647
32652
32656
32671
32680
32684
32691
32719
32742
32748
32751
32780
32788
32797
32815
32819
32828
32842
32848
32852
32863
32871
32879
32891
32901
32922
32969
32978
32982
33002
33015
33030
33089
33101
33123
33131
33136
33150
33151
33160
33172
33187
33204
33209
33210
33251
33253
33268
33280
33281
33300
33316
33332
33335
33366
33401
33453
33494
33512
33524
33528
33541
33559
33592
33613
33619
33619
33646
33652
33675
33681
33689
33698
33708
33726
33733
33755
33759
33792
33827
33838
33840
33840
33844
33855
33863
33863
33873
33873
33877
33889
33900
33906
33926
33929
33962
33968
33982
33992
34000
34001
34035
34052
34064
34072
34078
34087
34115
34119
34138
34147
34168
34181
34223
34223
34228
34236
34247
34258
34271
34300
34334
34347
34358
34375
34385
34388
34389
34389
34407
34421
34454
34498
34500
34504
34515
34531
34542
34554
34555
34564
34593
34606
34610
34613
34626
34636
34640
34662
34667
34670
34674
34693
34719
34738
34755
34757
34764
34774
34783
34792
34797
34831
34844
34863
34875
34890
34896
34897
34916
34922
34938
34944
34982
34996
35019
35047
35091
35093
35094
35096
35113
35116
35122
35135
35150
35156
35207
35212
35217
35226
35245
35259
35315
35318
35318
35327
35330
35351
35352
35367
35375
35378
35385
35388
35404
35406
35421
35428
35432
35434
35477
35485
35501
35525
35525
35530
35532
35540
35541
35544
35545
35564
35594
35596
35599
35635
35662
35665
35676
35690
35695
35700
35701
35709
35717
35746
35774
35783
35788
35788
35807
35838
35868
35884
35898
35913
35914
35919
35925
35981
36004
36089
36127
36136
36138
36190
36220
36228
36230
36244
36249
36271
36277
36290
36320
36340
36341
36348
36357
36372
36378
36393
36394
36421
36422
36425
36425
36436
36448
36474
36510
36539
36549
36559
36574
36575
36586
36591
36643
36645
36654
36658
36676
36682
36703
36717
36720
36750
36751
36761
36769
36773
36789
36803
36808
36815
36817
36857
36857
36874
36905
36916
36929
36935
36940
36953
36968
36975
36982
36983
36990
37004
37025
16420
37033
37037
37060
37085
37086
37089
37103
37108
37115
37129
37136
37144
37174
37182
37261
37268
37271
37271
37302
37329
37338
37343
37351
37402
37402
37420
37444
37446
37452
37452
37453
37454
37460
37460
37463
37469
37477
37483
37484
37488
37502
37506
37508
37521
37526
37540
37544
37544
37554
37578
37602
37623
37636
37638
37638
37658
37660
37674
37698
37709
37741
37777
37823
37845
37855
37865
37884
37893
37898
37900
37935
37955
37958
37972
37980
37995
37997
38023
38024
38046
38054
38054
38056
38090
38094
38119
38132
38137
38137
38143
38144
38188
38203
38206
38210
38217
38220
38231
38239
38280
38280
38281
38305
38314
38327
38345
38358
38361
38400
38425
38436
38450
38492
38493
38495
38520
38548
38550
38558
38565
38565
38568
38578
38595
38597
38598
38619
38631
38633
38637
38642
38642
38646
38658
38669
38713
38720
38734
38760
38763
38777
38819
38826
38834
38841
38854
23853
38855
38872
38932
38933
38962
39033
39071
39098
39110
39122
39129
39141
39147
39154
39166
39175
39178
39206
39222
39232
39247
39263
39272
39307
39316
39324
39355
39363
39381
39382
39390
39394
39420
39426
39454
39458
39464
39481
39510
39533
39535
39536
39548
39553
39555
39558
39563
39565
39583
39598
39622
39642
39646
39686
39707
39715
39728
39733
39735
39735
39736
39737
39743
39757
39777
39790
39801
39816
39847
39869
39888
39889
39891
39895
39897
39917
39942
39956
39973
39993
39995
39998
40014
40022
40029
40053
40071
40074
40075
40078
9715
40092
40107
40128
40132
40140
40148
40151
40166
40167
40199
40201
40208
40209
31071
40213
40219
40250
40281
40298
40300
40302
40314
40318
40368
40406
40444
40462
40476
40477
40486
40503
40505
40507
40511
40516
40520
40529
40537
40541
40541
40559
40560
40564
40577
40592
40592
40604
40625
40629
40635
40636
40641
40643
40650
40655
40665
40676
40678
40719
40725
40739
40741
40751
40756
40762
40790
40791
40818
40839
40866
40873
40899
40907
40932
40943
40962
40985
40987
41002
41004
41035
41039
41049
41061
41063
41068
41069
41087
41118
41124
41137
41165
41173
41177
41194
41212
41222
41232
41253
41262
41267
41269
41287
41291
41292
41295
41295
41297
41301
41343
41367
41373
41375
41400
41402
41413
41423
41430
41486
41486
41495
41512
41519
41540
41541
41562
41574
41588
41597
41625
41626
41630
41640
41664
41682
41707
41709
41738
41748
41752
41770
41775
41780
41805
41824
41828
41832
41846
41847
41870
41895
41918
41925
41939
41942
41957
41974
41989
42002
42013
42053
42077
42078
42098
42116
42126
42155
42171
42181
42187
42189
42192
42209
42210
42215
42224
42244
42247
42248
42263
42267
42281
42298
42298
42321
42340
42343
42343
42352
42357
42358
42362
42369
42371
42372
42388
42389
42401
42402
42407
42412
42413
42417
42419
42445
42448
42457
42457
42474
42497
42512
42516
42518
42546
42547
42581
42587
42616
42617
42628
42629
42644
42652
42668
42678
42721
42724
42746
42753
42762
2986
42769
42799
42811
42820
42842
42843
42882
42892
42912
42929
42959
42999
43012
43012
43057
43057
43067
43083
43100
43100
43108
43127
43131
43204
43206
43210
43213
43226
43277
43292
43298
43309
43311
43316
18112
43330
43337
43340
43357
24738
3480
43419
43419
43443
43454
43528
43546
39426
43552
43571
43584
43625
43629
43636
43662
43685
43686
43695
43702
43735
43744
43750
43753
43755
43772
43828
43862
43864
43866
43877
43893
43907
43907
43913
43917
43951
43963
43987
44028
44032
44036
44042
44046
44066
44099
44099
44123
44125
44139
44151
44170
44174
44175
44181
44192
44205
44212
44232
44237
44249
44261
44270
44280
44284
44345
44350
44363
44402
44407
44408
44437
44473
44498
44514
44514
44535
44552
44560
44561
44562
44572
44587
44597
44600
44605
44634
44646
44649
44650
44662
13800
44669
44694
44701
44705
44725
44729
44742
44762
44770
44771
44783
44803
44861
44866
44876
44890
44896
44896
44896
44898
44903
44911
44913
44939
44946
44954
44965
44968
44975
44981
44999
45006
45012
45040
45083
45084
45111
45114
45123
45143
45151
45154
45156
45161
45172
45174
45185
45192
45192
45193
45207
45242
45253
45255
45265
45302
45302
45306
45306
45312
45335
45362
45371
45383
45392
45411
45418
45420
45423
45440
45445
45445
45449
45490
45499
45512
45512
45519
45529
45542
45544
45549
45567
45573
45586
45624
45638
45673
45676
45680
45682
45689
45690
45722
45730
45738
45746
45747
45752
45757
45758
45780
45784
45803
45811
45812
45836
45841
45857
45860
45883
45889
45900
45942
45971
45993
46001
46052
46093
46099
46122
46128
46131
46137
46175
46185
46193
46199
46203
46208
46210
46229
46238
46254
46288
46294
46325
46343
46346
46352
46352
46357
46368
46404
46408
46414
46420
46420
46421
46429
46445
46483
46490
46504
46510
46572
46578
46593
46596
46623
46625
46657
46677
46684
46691
46706
46711
46722
46746
46756
46756
46756
46759
46772
46794
46806
46811
46852
46861
46872
46874
46887
46898
46910
46958
46962
46977
46977
46977
46988
47006
47008
47009
47026
47029
47033
47035
47036
47036
47063
47073
47083
47085
47091
47100
47104
47133
47143
47154
47156
47158
47170
47174
47186
47190
47197
47201
47202
47216
47216
47262
47270
47270
47281
47297
47308
47332
47335
47387
47428
47433
47444
47473
47484
47485
47491
47494
47507
47573
47573
47586
47599
47601
47608
47611
47618
47623
47623
47629
47630
47632
47634
47643
47645
47657
47682
47684
47700
47705
47712
47741
47772
47796
47809
47812
47844
34755
28710
47860
47886
47908
47912
47921
47923
47938
47954
47959
48007
48024
48027
48060
48060
48063
48067
48087
48108
48112
48124
48130
48136
48146
48151
48156
48184
48196
48202
48210
48242
48257
48257
48273
48289
48292
48301
48324
48333
48344
48348
48379
48389
48401
48425
48438
48442
48446
48461
48489
19579
48498
48501
48516
48528
48532
48560
48561
48561
48563
48593
48608
48644
48651
48669
48670
48690
48694
48702
48710
48716
48719
48719
48738
48741
48747
48752
48755
48755
48765
48779
48806
48817
48841
48841
48866
48869
48887
48888
48892
48897
48900
48913
48921
48925
48936
48944
48949
48969
48970
48981
48999
48999
49002
49002
49019
49037
49039
49040
49041
49057
49127
49130
49132
49134
49149
49170
49192
49196
49200
49231
49242
49293
49300
49300
49309
49355
49412
49417
49433
49446
49462
49484
49486
49487
49491
49497
49532
49564
49564
49571
49573
49573
49628
49630
49632
49653
49656
49671
49689
49696
40985
49714
49719
49720
49727
49742
49748
49757
49777
49784
49792
49801
49812
49821
49825
49825
49826
49827
49828
49842
49842
49852
49854
49858
49864
49870
49876
49892
49893
49895
49905
49916
49917
49917
49949
49957
49967
49987
49990
50007
50022
50038
50045
50045
50050
50051
50073
50079
50091
50100
50102
50110
50122
50134
50149
50179
50185
1789
50185
50207
50211
50237
50241
50246
50267
50297
50366
50367
50403
50408
50443
50449
50458
50489
50523
50537
50545
50545
50546
50547
50547
50561
50573
50590
50612
50617
50620
50624
50628
50644
50669
50671
50710
50711
50756
50771
50795
50823
50838
50845
50848
50851
50866
50869
50908
50918
50921
50923
50938
50990
50991
51001
51009
51032
51043
51052
51076
51090
51091
51095
51108
51110
51130
51132
51172
51191
51193
51197
51201
51220
51233
51258
51275
51285
51285
51286
51311
51319
51320
51329
51345
51364
51386
51393
51413
51429
51463
51466
51483
51485
51486
51497
51502
51506
51508
51512
51548
51555
51571
51601
51606
51608
51612
51624
51626
51637
51642
51643
51663
51674
51675
51713
51714
51724
51731
51756
51767
51778
51784
51784
51821
51855
51855
51882
51885
51887
51889
51900
51917
51936
51976
51977
51984
51997
52000
52013
52020
52044
52057
52059
52060
52060
52083
52084
52087
52102
52105
52127
52135
52156
52179
52185
52196
52213
52222
52238
52268
52271
52355
52360
52364
52380
52398
52430
52433
52444
52449
52464
52465
52468
52477
52489
52491
52501
52516
52516
52539
52542
52556
52557
52563
52593
52594
52597
52604
52609
52610
52616
52619
52620
52629
52652
52652
52703
52703
52705
52738
52739
52740
52760
52766
52773
52783
52793
52811
52820
52821
52821
52835
52838
52839
52851
52858
52876
52877
52886
52888
52912
52916
52955
52956
52963
52967
52985
52996
53026
53069
53071
53115
53122
53123
53131
53133
53139
53152
53157
53210
53216
53223
53271
53301
53334
53347
53354
53358
53361
53378
53380
53381
53411
53430
53449
53454
53461
53479
53483
53506
53514
53519
53520
53527
53542
53562
53563
53572
53575
53581
53588
53591
53598
53605
53610
53612
53631
53643
53657
53679
53680
53684
53691
53707
53716
53729
53735
53739
53751
53763
53784
53827
44876
53829
53849
53850
53912
53912
15240
53923
53927
53941
53950
53951
53958
53960
53966
53985
53987
53988
53995
54030
54032
54052
54053
54054
54066
54075
54076
54080
54102
54113
54121
54125
54125
54138
54139
54146
54153
54164
54183
54184
6980
54194
54199
54203
54222
54231
18996
54231
54235
54275
54282
54289
54298
54323
54325
54328
54331
54331
54334
54338
54342
54348
54358
54362
54383
54383
54415
4945
13906
54429
54478
54480
54514
54521
54539
54551
54557
54562
54571
54579
54587
54590
54607
54615
54624
54649
54665
54669
54675
54678
54679
54721
54756
54756
54767
54772
54800
54806
54834
54857
54858
54894
54913
54923
54929
54949
54949
54972
54975
54989
55001
55004
55015
55020
55027
55040
29636
55041
55041
55068
55083
55111
55122
55137
55138
55141
55158
55167
55203
55213
55230
55238
55245
55246
55270
55280
55287
55303
55305
55306
55318
55338
55350
55353
55357
55364
55379
55386
55416
55420
55421
55462
55463
55464
55469
55489
55499
55511
55546
55549
55563
55581
55584
55586
55586
55595
55613
55615
55619
55632
55636
55660
55661
55665
55667
55680
55687
55702
55704
55706
55748
55783
55786
55797
55817
55819
55884
55888
55901
55916
55942
55945
55951
55957
55964
55974
55981
55996
56036
56056
56062
56071
56124
56143
56146
56171
56173
56225
56232
56235
56247
56254
56260
56293
56293
56293
56343
56351
27807
56353
56361
56375
56382
56387
56396
56399
56405
56417
56429
56457
56486
56490
56506
56506
56565
56566
56572
56594
56606
56655
56663
56665
56692
56719
56758
56772
56775
56776
56777
56793
56806
56828
56839
56852
17779
56877
56878
56889
56907
56909
56935
56951
56957
56965
57008
57024
57027
57032
57033
57048
57051
56171
57051
57054
57082
57096
57120
57152
57156
57180
57186
57206
57217
57238
57252
57276
57280
57286
57291
57293
57304
57336
57342
57349
57351
57353
57363
57375
57378
57390
57406
57415
57416
57417
57424
57427
57441
57460
57466
57481
57496
57499
57570
57580
57603
57607
57613
57614
57637
57659
57678
57690
57715
57723
57725
57751
57753
57765
57769
57783
57790
23160
57814
57816
57819
57837
57840
57867
57895
57895
57900
57930
57936
57944
57962
57966
57983
57995
58007
58013
58015
58025
19665
58037
58037
58045
58060
58086
58088
58101
58151
58156
58162
58165
58170
58192
58200
58201
58210
58217
58230
58235
6759
58239
58239
58259
58272
58273
58298
58308
58324
58325
58331
58374
58375
58375
58376
58390
58419
58425
58450
58496
58508
58533
58538
58565
58573
58581
58608
58613
58628
58666
58694
58707
58709
58743
58763
58777
58789
58800
58801
58806
58811
58828
58835
58843
58853
58862
58864
58869
58892
58896
58896
58919
58927
58939
58969
58977
59002
59019
59022
59033
59036
59043
59045
59055
59059
59063
59068
59085
59085
29936
59105
59113
59117
59121
59141
59167
59169
59181
49039
59184
47601
15918
59193
59210
59210
59220
58013
59236
59248
59274
59291
59323
59326
59337
59341
59390
59392
59394
59397
59401
59405
59410
59411
59436
59439
59466
59483
59484
59507
59536
59537
59538
59539
59540
59546
59576
59581
59588
59599
59622
59664
59667
59674
59674
59683
59684
59686
59717
59740
59749
59758
59778
59792
59806
59808
59808
59817
59826
59830
59830
59858
59885
59908
59909
59953
59953
59961
59981
59982
59990
60019
60043
60050
60051
60111
60119
60125
60144
60164
60197
60207
60211
60228
60228
60250
60272
60285
60288
60301
60320
60333
60341
60359
60363
60367
60395
60398
60399
60407
60429
60443
60450
60453
60459
60478
60492
60533
60546
60546
60562
60577
42419
60605
60614
60621
60648
60658
24453
34300
60668
60677
60710
60711
60725
60733
60742
60747
60755
60763
60781
60782
60788
60801
60804
60807
60812
60832
60842
60854
60855
60865
60870
60899
60901
60907
60912
60947
60947
60956
60958
60965
60970
60976
60997
61028
61035
61043
61047
61048
61073
61097
61109
61118
61122
61139
61171
61181
61241
61242
61298
61305
61308
61329
61340
61343
61351
61389
61412
61422
61422
61423
61435
61444
61444
61459
61472
61501
61503
61556
61570
61574
61579
61589
44669
36953
61606
61610
61618
17657
61622
61636
61649
61656
61662
61665
61670
61671
61687
61699
61702
61707
61740
61756
61768
61780
61784
61799
61813
61814
61835
61875
61897
61905
61912
61932
61968
61975
61980
61994
62009
62028
62107
62108
62116
62131
62137
62146
36425
62147
62155
62163
62169
62171
62178
62189
62229
62246
62249
62250
62260
62267
62286
62291
62319
62329
62330
62332
62340
62346
62346
55702
62352
62355
62360
62367
62370
62394
62418
62421
62468
62476
62481
62490
62503
62523
62542
62560
57715
62581
62583
62594
62596
62618
62637
62638
62644
62646
62653
62656
62670
62677
62697
62720
62720
62725
62729
62732
62733
62738
62754
62773
62779
62787
62791
62810
62821
62835
62846
62847
62853
62855
62860
62884
62885
62886
62896
62902
62926
62928
62930
62963
62983
62984
63005
63007
63018
63028
63033
63036
63049
63057
63063
63075
63121
63129
63132
63133
63136
63144
63148
63163
63172
10056
63172
63220
63224
63236
63277
63287
63294
63296
63306
63337
63344
63345
63362
63399
63409
63409
63425
63429
63482
63485
63497
63512
63528
63534
63540
63549
63552
63564
63596
63609
63610
63614
63619
63631
36982
6311
63637
63657
63672
63683
63693
63700
63708
63712
63720
63750
63760
63762
63764
63772
63772
63774
63801
63805
63827
63840
63875
63875
63881
63892
63902
63904
63909
63931
63938
63990
42445
64000
64000
64015
64023
64036
64041
64054
64110
64112
64115
64126
64135
64154
64176
64179
64195
64195
64198
64219
64226
64256
47959
64258
64263
64287
64315
64317
64318
64322
64331
64345
64370
9878
64390
64395
64404
64404
64434
64447
64488
64492
64499
64507
64509
64541
64542
36968
64551
64551
64563
64589
64596
64621
64659
53519
64683
64683
64687
64693
64698
64700
64707
64710
64712
64749
64764
64766
64773
64775
64785
64819
64823
64827
64830
64833
64855
64857
64858
64866
64878
64904
64949
64959
64963
64994
64997
65007
65017
65025
65041
65050
65062
65129
65131
65149
65156
65166
65167
65171
65177
31436
65185
65200
65206
65236
65241
65288
65291
65308
65312
65370
65382
65382
65385
65410
65425
65432
65436
65437
65440
65445
65447
65467
65476
65483
65503
65532
65579
65600
65615
65636
65641
65661
65670
65678
65715
65723
65744
65764
65783
65790
65794
65829
65830
22299
65848
65856
65874
65885
65907
65938
22762
65975
65980
65992
65992
66005
66029
66034
66044
66056
66061
66072
66073
66095
66108
66124
66131
66148
66152
66162
66195
66197
66197
66225
66234
66237
66252
66279
66311
66315
66328
66346
66363
14855
66378
66381
66387
66401
66408
66417
66417
66418
66424
66446
66459
66464
66467
66491
66492
66533
66546
66561
66575
66581
66633
66648
66666
66682
66723
66746
66767
66798
66798
66809
66816
66821
66834
66838
66839
66854
66857
66873
66890
66906
66908
66924
66931
66934
66935
66945
66945
66946
11833
41212
66950
66964
66969
66976
66978
67000
67021
67023
67042
67047
67052
67055
67056
67060
67066
67066
67072
67089
67124
67141
67165
50267
67170
67180
67180
35635
67190
67209
67209
67209
67218
67218
47741
67232
67266
67269
67295
67310
67312
67315
67315
50297
67317
67338
67345
67348
67352
67358
67384
67393
67429
67445
67450
67450
67458
67471
67473
67479
67479
686
67487
67498
67513
67514
67515
67542
67545
67556
67571
67575
67584
67597
67630
67632
67653
67660
67690
67735
67739
67751
67758
67783
67784
67814
67856
67872
67875
67891
67901
67952
67960
67967
67983
67984
68001
68021
68022
68036
68040
68041
68055
68063
68065
68070
68098
68113
68133
68133
68138
68139
68140
68148
68149
68150
68191
68192
68218
68232
68270
68283
68289
68290
68298
68302
68304
68336
68348
68364
68368
68370
68381
68448
68477
68488
68494
68498
68534
68542
68552
68591
68603
68612
68623
68626
68631
68660
68660
68684
68688
68703
68736
68740
68744
68780
68801
68852
68852
68854
68863
68884
59588
38595
68893
68906
68960
68961
68964
69003
69009
69015
69038
69045
69051
69062
69092
69097
69104
69132
69136
69141
69143
69163
69181
69189
69202
69212
69255
69256
69265
69265
69267
69278
69280
69294
69299
69319
69323
69339
69375
69385
69391
69402
69407
69411
69419
69429
69444
69456
69467
69482
69526
69529
69573
69585
69602
69612
69639
69645
69654
69656
69657
14299
69677
69717
69719
69739
69755
69758
69763
69792
7723
69799
31768
69804
69814
69832
69842
69847
69853
69879
69894
69915
69934
69935
69939
69942
69963
69984
14488
69984
70029
70031
70034
70044
70063
70069
70070
70073
70094
70101
70105
70106
70136
70144
70178
70210
42248
70222
70226
70226
30552
70268
70270
70274
70280
70287
60125
70287
70319
70320
70323
70333
70341
70366
70366
70378
70380
70392
70409
8163
70420
70436
70474
70475
70482
70505
70508
70511
70519
70535
70535
70546
59581
70549
5196
70549
70558
70578
70582
70589
70597
70598
70600
44729
70621
70645
70672
70672
11513
70680
70684
70695
70748
70751
70754
70776
70782
70785
70785
70792
70809
70861
70861
41375
70869
70878
70894
70897
70898
70913
70917
70922
70935
70940
70943
70948
70966
70969
70973
70998
71032
71036
71037
71040
71066
71067
71095
71120
71125
71130
71131
71162
71188
71193
71198
71207
31044
71209
71210
71216
71234
71275
71295
71298
71310
71311
71320
71327
71396
71438
71438
71455
71455
71479
71494
71501
1060
33151
71537
71559
71566
71571
71605
71607
71623
71626
71633
71642
71645
71655
71667
71698
71707
71724
71744
71764
71771
7156
71772
71772
71774
71788
71788
71799
71813
71831
71849
71881
71886
71895
31733
71917
71954
71958
71960
71969
71978
71987
71991
72008
72052
72061
72069
72075
72081
72091
72111
72112
72113
72140
72145
72155
72162
72180
72183
72184
72191
72204
72213
72220
72220
72225
72229
72236
72270
72310
72314
72325
72331
72341
72352
72378
72386
72389
72403
72416
72436
72464
72488
72501
21289
72505
4807
72536
72601
72619
72624
72625
72630
72660
72670
72673
72677
72677
43662
11320
72706
72708
72718
72720
72740
23383
72758
72807
72810
26718
72826
72860
72860
72870
60301
72896
72904
72940
72941
72942
72956
72983
72985
73000
73037
73037
73050
73051
73120
73126
73131
73133
73136
73154
73159
73162
73170
73179
73210
73229
73229
73238
73244
73257
73265
73277
73292
73306
73310
73328
73331
73354
73371
73380
73381
73390
73391
73403
73409
73469
73469
73485
73530
73536
73536
73554
73561
73563
73563
73573
73593
73601
73612
73618
73619
73629
73647
73695
73699
73715
73755
73760
73797
73799
73805
73818
73851
73861
73889
73891
73893
73893
73913
73928
73951
74002
74003
74025
74026
74036
74039
74043
74062
74114
74140
74148
74151
74159
74170
74188
74192
74197
74208
74212
74213
74229
74240
74260
74260
74267
74275
74280
74324
74325
74329
74332
74346
74373
71645
74396
74405
74413
74416
74428
74435
74437
74454
74480
63033
74481
74482
74497
74511
74516
74540
74550
74552
74574
74630
74651
74654
74665
11278
74665
74671
74696
74702
74724
74725
74725
74726
74734
74735
74749
74761
74773
74775
74786
74793
74793
74802
74814
74841
774
74902
74909
74923
74945
74962
74988
74997
74999
75009
75014
75040
75043
75049
75058
75079
75089
75120
75127
75136
75139
75174
75190
37483
75198
75200
75202
75206
63657
21477
44981
75245
75250
75253
75266
75270
75276
75280
75285
75331
75365
75372
75375
75382
75385
75408
75411
75419
75438
75465
75469
75472
75480
75494
49727
75495
75500
75509
75516
75542
75547
75547
75549
75558
75560
75566
75567
75572
75591
75607
75629
75645
75655
75657
75670
75688
75703
75705
75707
75709
75709
75723
75724
75728
75739
75745
75780
75807
75809
75824
75844
75846
23241
59055
75849
75861
75874
75903
75916
75926
75930
75944
75950
75960
75961
75977
75989
75994
76006
76019
76028
76029
76040
76059
76073
76084
76087
76152
76177
76193
76206
76273
76333
76341
76349
76351
76369
76413
76414
76421
76423
76424
76436
76446
76487
76492
76494
76497
76522
76524
76530
76561
76582
76599
35838
76625
76640
28204
76667
76668
76673
76689
76696
76699
76715
76721
76724
76750
76779
76785
76811
76827
76837
76855
76856
76861
76878
76884
76886
8468
76895
76899
76913
76923
76960
76972
76972
10671
76973
77003
77003
77030
77036
77053
77056
77074
21153
77091
77113
77139
77155
77161
77166
77174
77196
72352
69181
77197
77206
77239
77247
77289
77305
77312
77316
77318
77336
77337
77354
77359
67575
77361
77370
77381
55305
77443
77497
77531
77545
46872
77558
77608
77613
77623
77634
77642
77656
77674
77695
77707
75411
45638
26255
77717
77719
77729
77729
77745
77754
77756
77760
77762
77782
77815
77819
77821
77854
77882
77886
77886
77896
77901
46887
77924
77951
77958
77965
77977
77995
78006
78007
78013
78016
78024
49957
78048
78049
78057
78087
78102
78149
78155
78178
78197
78205
78218
78226
78253
78263
78266
78328
78330
78343
78345
78370
78375
11066
78388
78392
78396
60453
78406
78440
60533
78456
78489
78508
78514
78546
78556
78559
78589
78591
78630
78667
78680
78695
78697
78715
78740
78742
78746
78758
78795
78798
78825
78847
78849
78869
78876
78879
78882
78907
78909
78927
78950
78967
78968
78988
79002
79009
79024
79040
79047
79056
79062
79079
79080
79092
79095
57496
79096
79098
79106
79109
79111
79117
79156
79169
1120
79173
79180
79180
79204
79210
14348
79223
79239
79266
79273
79278
79296
73928
79340
79349
79366
79411
79412
79414
79428
79457
79462
79477
79481
79483
79494
79524
79533
79571
79594
79606
79664
79677
22394
79684
79700
79703
79710
79725
79727
79750
79752
79752
79766
79772
79792
79823
79836
79879
79887
79923
79949
79985
80012
80043
80050
80054
80064
80091
80103
80128
80145
80173
80179
80180
80182
80200
80228
80228
80228
80241
43636
80246
80247
32174
80268
80303
80308
80320
80326
80331
80338
80385
80388
80391
80392
80453
80469
80475
80485
80490
80507
61556
80524
38206
80534
80536
80541
80573
80577
80584
80587
80618
80654
80656
80671
80671
80692
80695
62596
78847
80705
80731
80739
80761
80781
80784
80808
80820
80830
80845
80849
80858
80864
80882
80899
80902
80909
80913
80922
80935
80943
80948
80976
80979
80987
25685
80993
18586
80999
80999
81000
81000
81016
81020
81026
81045
81055
81061
81062
81080
81152
81163
70940
81178
81238
81269
81280
81290
81303
81315
81336
81339
81343
81347
81358
81359
81366
81370
81371
81371
81378
81402
81428
81455
81487
81494
81515
81516
81525
81529
59536
81562
81570
81574
81599
81618
81630
81638
81644
81647
81647
81662
81682
81691
81704
81716
81747
81752
81769
81774
15562
81795
81844
81865
81866
81866
81881
81890
81906
81910
81937
81940
81947
81951
81958
81968
81993
82008
82015
82030
82043
82046
82054
82056
82084
82090
82107
82116
82118
82122
82139
5382
82140
82148
82174
82201
19853
82225
82237
82240
82261
82261
60865
30676
82263
82351
82367
82385
82396
82398
82406
82411
82414
82424
82431
82434
82440
82477
31617
82502
82503
82529
13
77613
82543
50771
82609
82657
23310
82663
82665
82666
82676
82686
82691
82702
82710
68684
82750
82757
82771
82777
82778
82779
32218
7036
82781
82782
82801
82807
82808
82848
82881
82884
82886
82894
5909
82904
82918
82925
82929
82929
82984
82985
83019
83027
83068
83075
36935
83078
83099
83112
83114
83118
83125
83127
83128
83132
83153
76837
83163
83223
83234
83238
83242
83252
83277
83314
38436
83331
83337
83372
83397
83406
83432
83452
2903
83458
83477
83481
83495
78218
83503
17269
83512
83518
83520
83525
83550
83563
83589
83593
83594
83598
83599
83602
83624
83624
83658
83671
83671
83673
83677
3018
83702
83703
83705
83709
83711
83732
83735
40406
83750
83761
77886
83782
83782
83805
83817
83822
83845
83853
83860
83865
83866
83878
83896
83900
83909
83912
83935
83938
83956
83984
83985
83992
83998
84005
19494
84012
84030
84052
84066
84080
84090
41664
84105
84121
84143
84145
50523
78508
84180
84184
84198
84221
84238
84263
84280
84309
84319
12256
74140
84325
84326
84406
84411
84416
84429
84441
84442
84443
84444
84451
84500
84532
84540
84566
84566
62926
84575
84576
84582
84588
84599
84604
84611
84631
84634
84638
25066
84638
84651
84654
84674
84687
84697
9001
84724
84738
84748
84756
84756
84795
24531
84817
77896
84825
84839
84845
81366
84866
84867
52083
84874
84875
84876
84879
84882
84892
16219
84905
84951
84960
84968
54679
27488
84981
14278
38492
84995
85029
85034
85052
85056
85062
85086
85086
85118
85146
85156
85159
85161
85172
85192
85196
85219
11235
85231
72983
85261
85298
85356
85357
85374
85383
85384
85386
85396
85412
85419
85425
85434
85459
85462
85469
63540
9091
85469
85481
85486
85495
85498
85513
85530
85532
85532
85552
85557
85564
85571
85584
85586
85597
85622
85632
85650
85661
85662
85672
85726
85747
85758
85787
35150
85798
85801
85086
85814
85814
62653
85836
85876
85882
85901
85908
85934
85941
18502
85980
47073
86005
86025
86037
86052
86065
86107
86109
58230
86110
86118
86124
86147
77642
86149
43443
5055
67653
86180
86194
86198
86199
86203
21500
86226
86227
73210
86250
86333
86334
86381
86412
86423
6839
69804
86426
86433
86442
86445
86446
86469
86476
86499
86513
86518
86520
59068
86520
86539
86604
86618
86624
86635
86658
86661
47860
86670
86679
86681
86700
86711
86716
41738
86740
86758
86800
53380
86807
86853
86880
86891
86917
86954
86967
86979
86980
66315
87018
87020
87022
87045
87048
87048
87068
87078
87080
87086
87108
87110
87125
87127
87193
55996
22150
87196
87224
87226
87291
87350
87373
87385
87428
87467
87491
87497
87499
87528
87536
87537
87591
87591
87622
87638
87662
87677
87677
87680
87685
87728
87741
87748
87748
87761
87783
87810
5781
87857
87872
87883
87901
87901
87920
77821
87926
87932
74229
87933
87975
80453
44125
87992
88001
88003
88004
88008
88020
88042
88050
88052
88055
88057
88059
50795
88067
88075
88080
88116
88155
88171
88171
88210
88230
88233
56490
88256
88261
88268
88269
88271
88296
88307
88341
88359
5473
7652
88376
88386
88394
15088
88418
88421
88439
88439
88296
88468
88511
88526
88527
88537
88567
51320
78697
88581
88584
88592
88594
88595
88620
88624
88625
52222
88640
88696
88706
88714
88767
88810
88817
88826
88850
88852
88904
88907
88941
88942
88943
88946
88953
88988
89025
89040
89068
89070
89080
89109
89110
89157
89160
89184
89185
89197
19531
89247
89250
89268
89269
89273
89305
89321
89389
89398
89399
77717
5412
89401
89410
89429
89433
89462
89470
15142
89520
9370
89522
89527
89540
89548
89563
89592
18989
89609
89624
89628
89661
89686
89704
89705
1827
72008
89708
89720
89720
89760
89764
89767
89785
89797
89802
89832
89857
89897
89898
89902
89908
89915
89937
89974
89979
89986
90003
58088
90007
27397
90010
90022
90030
90043
90047
90060
90067
90079
90079
90097
90111
90132
90137
90145
90162
90175
90182
90218
90231
90244
90250
90253
90259
37444
90265
90277
90317
90326
62137
90338
90362
90363
90387
57603
69136
90405
62286
90412
90432
90441
90442
90444
90464
90467
65410
90473
90515
90566
90570
90581
90619
90628
90629
90663
90680
44587
3539
90694
90749
80391
8704
90764
90786
90793
90793
90793
90844
90852
90873
90880
90883
90888
90919
90935
90958
31109
90961
90971
90971
90979
5165
90981
90990
90997
45730
91004
11105
91014
91015
91041
91049
91063
91071
91077
91092
91104
91121
91147
91167
91187
91206
91211
91228
91344
91348
91351
91369
91382
91382
91404
91444
91449
91509
91509
91524
91536
91555
54231
70582
91580
91594
91617
91631
50134
91633
38495
91147
91633
91634
32582
91636
91637
91643
91644
91661
59141
91666
91666
91668
2327
53684
91668
91670
91685
91687
91687
91711
77965
30719
91719
91728
91731
91731
53271
91736
23084
91806
91806
91848
91851
91863
91877
27839
91914
91928
91946
91957
13985
91959
91983
91986
86853
91989
92025
92071
92076
92077
92084
92086
92096
17567
92104
92105
92123
92126
92144
92203
92204
75572
92260
92276
37602
92280
92292
92296
92322
92347
92353
12502
92360
92373
92379
92408
92443
92444
92451
92452
92458
69407
92468
92510
92511
92519
74324
73851
92531
92533
90175
92538
41597
92552
92552
92567
15359
92571
55615
92585
92587
92616
92618
32126
92632
85747
92639
92653
43862
92680
92715
92859
92868
92870
92917
92960
92967
92968
19831
92986
92991
93033
93036
93093
68041
93095
93118
34258
93195
60399
93211
93250
93266
11605
93286
93287
31977
38132
93289
93289
93306
93322
93325
93333
93345
93355
93372
93382
93383
93395
93400
59045
93406
93417
93461
93465
93503
93508
72310
93527
93550
54562
55981
93593
93601
93626
93634
93654
93654
93675
93694
93696
93729
47297
93730
93749
93778
7749
20388
93800
70684
93807
93815
93817
15569
93827
93830
5003
79684
93834
93836
93837
93851
93858
50823
93921
69719
93921
93930
93963
90079
93975
93976
93976
94048
10563
94051
94082
94098
78630
94111
94124
94141
64596
45143
94146
94148
94186
56036
94198
94203
94233
94242
94254
94267
94268
51485
87068
94269
94280
94286
52739
94326
94437
94478
22452
94495
94496
94514
26167
94593
94605
94626
94635
94640
94660
94672
94673
49876
94674
57390
66401
94678
94689
94690
94700
51674
67513
94719
94728
37898
94748
94780
5669
94781
94798
94811
65579
94815
94842
54571
94868
9925
94868
94885
71917
94887
94902
94907
8550
14538
94914
4774
94915
62332
64434
94920
94937
73797
94977
95059
95108
95137
95137
95161
60228
95170
95193
50547
95198
95238
95238
44975
95244
95251
95296
95367
95380
18029
95418
65856
95452
95511
58170
95535
57930
95539
80043
95543
95551
38023
95573
34719
95580
95608
95619
16972
95633
95635
8055
95642
95683
95693
95693
95703
63772
17704
63693
95738
30999
95791
2739
95821
55463
95844
41063
95875
95904
95904
95913
95927
95929
95938
74197
95953
95962
53951
95964
95995
96003
96009
96024
10363
96082
70776
96091
96091
96112
96125
53361
96134
96136
74413
96138
8605
96162
96165
48944
96230
96236
96248
8719
96269
6816
96285
96302
96360
96366
96366
3107
96367
85876
96386
8747
96403
96411
96413
28235
13533
96475
96475
66378
96489
96499
79879
96537
96544
96563
96566
96612
96678
96682
96683
96692
96696
96730
24322
96756
96757
96760
96768
36817
96806
96832
70280
25559
96870
96893
96895
63552
96935
1696
96939
52594
24685
96959
96973
96977
96983
97003
93417
97100
55687
55489
97101
12660
97115
32192
97199
87680
97259
97285
65156
97311
97339
97345
97345
88052
97351
75629
97369
97438
97497
97532
91211
97534
97603
97670
97711
93033
97801
82691
97850
12586
97931
20877
97938
97994
98009
98084
60492
98099
94902
98103
11363
98104
18414
98105
62729
98121
19269
98130
98130
98139
69255
84309
57819
98150
62246
95929
98189
98259
87677
98260
98268
55942
98394
98399
56951
98473
98553
98568
47886
98573
98590
30950
98599
29147
98635
98693
40676
98706
98744
72183
98761
21810
98762
98780
28178
98808
98821
96757
98880
98911
95059
99006
99076
95367
99135
99165
99230
99276
99290
82757
99367
97534
99444
24617
99473
99481
3379
99503
65437
99530
99563
96236
99583
99663
58709
99778
99831
99979
